0.026362	-8.86521	5 -1 -1 -1
0.0450893	-0.22222	7 -1 -1 -1
0.0586717	0.4678472	-1 -1 2 -1
0.2563447	0.15609	5 -1 -1 -1
0.3368787	0.08066	7 -1 -1 -1
0.3521173	-0.92541	5 -1 -1 -1
0.4836056	-1.22825	-1 0 0 -1
0.617808	-1.15233	8 -1 -1 -1
0.6584778	-10.5385	-1 0 -1 -1
0.6967293	-9.28422	0 0 -1 -1
0.6978253	0.47639	7 -1 2 -1
0.7168417	-9.2295278	-1 0 0 -1
0.7202367	-10.66558	3 -1 -1 -1
0.7241147	-10.90606	7 -1 -1 -1
0.7346307	1.03133	5 -1 -1 -1
0.7496444	10.44825	-1 -1 -1 0
0.7584611	-0.7963611	-1 0 0 -1
0.8276286	0.99828	5 -1 -1 -1
0.8494626	-9.48964	5 -1 -1 -1
0.9338556	-1.34035	-1 -1 2 -1
0.9389107	-9.60826	2 -1 -1 -1
0.9448526	-10.86752	7 -1 -1 -1
0.9505713	-0.87518	3 -1 -1 -1
1.082376	0.0731	0 -1 -1 -1
1.0900833	-9.81282	5 -1 -1 -1
1.1154967	0.52299	0 -1 -1 -1
1.2153083	-9.8446111	-1 0 -1 -1
1.240442	0.49241	5 -1 2 -1
1.3085147	-10.73233	5 -1 -1 -1
1.3170942	-10.0580778	-1 -1 2 -1
1.3656673	-0.49038	5 -1 -1 -1
1.5258114	0.55597	3 -1 2 -1
1.5464353	1.26271	5 -1 2 -1
1.5571873	-10.43852	5 -1 -1 -1
1.5575686	-8.40458	3 0 0 -1
1.5702167	-1.1248333	-1 0 0 -1
1.5842861	-0.9076667	-1 0 0 -1
1.6748861	0.3071667	-1 0 -1 -1
1.8816083	-0.1681944	-1 0 0 -1
1.905592	-8.27868	5 -1 -1 -1
1.946828	-1.11374	5 -1 -1 -1
2.0022067	0.02419	0 -1 -1 -1
2.0232583	8.5540556	-1 -1 -1 0
2.0381346	-1.12785	5 -1 -1 -1
2.0478026	-0.81464	5 -1 -1 -1
2.1811875	-6.5599972	-1 -1 2 -1
2.2097481	-8.3443889	-1 -1 2 -1
2.2726564	-2.7376694	-1 -1 2 -1
2.3424952	0.4676	5 -1 -1 -1
2.3924355	-8.96087	1 -1 -1 -1
2.4802361	-7.28307	5 -1 -1 -1
2.5077939	1.14716	1 -1 -1 -1
2.588564	-0.21392	3 -1 -1 -1
2.7662621	-6.81686	7 -1 2 -1
2.7701131	-8.7985361	-1 -1 2 -1
2.8743111	-7.9348333	-1 0 0 -1
2.9105528	0.9394167	-1 0 0 -1
2.9530444	6.6331389	-1 -1 -1 0
7.1404572	54.1476611	-1 -1 2 -1
7.2349208	51.0020806	-1 -1 2 -1
7.2399025	40.2679917	-1 -1 2 -1
7.243125	45.6666944	-1 1 1 -1
7.2566528	55.47975	-1 -1 -1 0
7.2780806	53.3861944	-1 -1 1 -1
7.4018861	38.0635	-1 -1 -1 1
7.4087172	50.18175	-1 -1 2 -1
7.4570672	31.1572806	-1 -1 2 -1
7.4616455	44.56713	5 -1 -1 -1
7.4915042	59.8284056	-1 -1 2 -1
7.5039917	39.5334444	-1 0 0 -1
7.5140742	44.93359	3 -1 -1 -1
7.5356455	43.9715	3 -1 -1 -1
7.5502075	39.41843	5 -1 -1 -1
7.5732667	35.1118611	-1 -1 -1 0
7.5847917	41.9743056	-1 0 0 -1
7.5945011	25.1707028	-1 -1 2 -1
7.6051483	24.1846306	-1 -1 2 -1
7.6161387	43.4839	0 -1 -1 -1
7.621994	29.49227	0 0 -1 -1
7.6470871	41.98543	1 -1 2 -1
7.6625917	24.8595	-1 -1 -1 0
7.6905139	48.1539722	-1 0 -1 -1
7.6953072	17.6869417	-1 -1 2 -1
7.7182753	27.1740056	-1 -1 2 -1
7.7194072	52.0628222	-1 -1 2 -1
7.7233521	23.60723	7 -1 -1 -1
7.7309028	28.3577778	-1 0 -1 -1
7.7599253	33.96297	3 -1 -1 -1
7.7617028	31.7146111	-1 1 1 -1
7.7818314	19.57046	5 -1 -1 -1
7.7856542	17.29073	0 -1 -1 -1
7.7990046	37.44205	7 -1 2 -1
7.8052414	45.74614	0 -1 -1 -1
7.8245219	52.0393	-1 -1 2 -1
7.8300278	55.9058333	-1 1 -1 -1
7.872732	33.56359	5 -1 -1 -1
7.8789439	45.94927	3 -1 -1 -1
7.8860861	35.9325278	-1 0 0 -1
7.896548	23.03191	0 -1 -1 -1
7.9185206	26.35443	0 0 0 -1
7.9249858	52.08072	5 -1 -1 -1
7.9404887	37.05825	7 -1 -1 -1
7.9409333	39.0238889	-1 -1 -1 0
7.9413325	50.28786	7 -1 -1 -1
7.9446667	60.5064222	-1 -1 2 -1
7.9739558	10.33851	8 -1 -1 -1
7.9744746	37.78657	0 0 0 -1
7.9921102	12.47086	7 -1 -1 -1
7.9964611	37.6472778	-1 1 1 -1
8.017042	13.83116	0 -1 -1 -1
8.0186666	17.9805	5 -1 -1 -1
8.0188614	43.84182	5 -1 -1 -1
8.0203552	34.67524	0 0 0 -1
8.0264778	50.1619444	-1 -1 1 -1
8.0544536	24.6771806	-1 -1 2 -1
8.0573944	30.6236111	-1 0 0 -1
8.0604665	10.84514	0 -1 2 -1
8.0631327	53.80242	5 -1 -1 -1
8.067922	15.55962	5 -1 -1 -1
8.0742172	16.55813	5 -1 -1 -1
8.0753969	19.3702583	-1 -1 2 -1
8.0889501	16.79535	7 -1 -1 -1
8.0930567	24.16399	5 1 -1 -1
8.1004211	19.10409	3 -1 -1 -1
8.1190674	33.45503	5 -1 -1 -1
8.1226061	14.2719667	-1 -1 2 -1
8.1564167	21.2628333	-1 0 0 -1
8.1608007	34.92701	0 -1 -1 -1
8.1676861	42.4677778	-1 1 1 -1
8.18653	28.79736	3 -1 -1 -1
8.1904546	43.62842	3 -1 -1 -1
8.1945826	40.24926	0 -1 -1 -1
8.1948975	10.48668	0 -1 -1 -1
8.2121582	25.04646	3 -1 -1 -1
8.2127614	57.79751	7 -1 -1 -1
8.2165222	32.7182222	-1 1 1 -1
8.2167033	43.7969	0 -1 -1 -1
8.2175858	13.4352	0 -1 -1 -1
8.2246944	5.8873056	-1 -1 -1 0
8.2266861	48.2171944	-1 1 -1 -1
8.228776	26.91986	5 -1 -1 -1
8.2287832	52.96061	5 -1 -1 -1
8.239358	52.4028	0 -1 -1 -1
8.2455251	12.97148	9 -1 -1 -1
8.2534286	38.6793	5 -1 -1 -1
8.2564472	11.9541944	-1 0 0 -1
8.2626503	37.1765333	-1 -1 2 -1
8.2671906	38.07094	5 -1 -1 -1
8.2678889	11.4137222	-1 0 0 -1
8.2706306	42.9493333	-1 0 0 -1
8.2746913	8.9635	5 -1 -1 -1
8.2815938	39.18779	8 -1 -1 -1
8.2833056	57.2762972	-1 -1 2 -1
8.2929062	44.98079	5 -1 -1 -1
8.3002065	49.93665	1 -1 2 -1
8.3010747	54.61903	0 -1 2 -1
8.3029516	23.53637	1 -1 -1 -1
8.3138167	4.10875	-1 0 0 -1
8.3145681	26.39835	7 -1 -1 -1
8.3150258	22.79579	3 -1 -1 -1
8.3152461	20.10583	0 -1 -1 -1
8.3172526	49.62666	5 -1 -1 -1
8.3257389	20.1302222	-1 0 0 -1
8.3277072	57.7666444	-1 -1 2 -1
8.329875	52.5415278	-1 1 -1 -1
8.3403167	16.0231111	-1 0 0 -1
8.3411361	48.8964722	-1 0 0 -1
8.346224	6.62611	5 -1 -1 -1
8.3559082	25.31751	0 -1 -1 -1
8.3593806	47.04325	-1 1 -1 -1
8.368044	32.50171	3 -1 -1 -1
8.3709381	31.67674	0 -1 -1 -1
8.3761278	53.1885278	-1 -1 -1 1
8.3798986	4.29722	5 -1 -1 -1
8.3878428	53.95321	2 -1 -1 -1
8.4000778	15.57964	0 -1 -1 -1
8.4001409	3.29705	3 -1 -1 -1
8.4089269	20.45728	3 -1 -1 -1
8.4092631	14.61805	3 -1 -1 -1
8.4121467	52.0074139	-1 -1 2 -1
8.4179606	12.73467	5 -1 -1 -1
8.426472	48.29534	0 -1 -1 -1
8.4322627	17.86099	0 -1 -1 -1
8.4325053	52.50459	5 -1 -1 -1
8.4343917	47.3195278	-1 0 0 -1
8.4356979	3.98433	3 -1 -1 -1
8.4426478	21.73036	0 -1 -1 -1
8.4483515	39.81215	5 -1 -1 -1
8.451502	37.81147	7 -1 -1 -1
8.4524241	9.3843	5 -1 -1 -1
8.4550868	46.58636	7 -1 2 -1
8.4570556	29.3124444	-1 1 -1 -1
8.4582583	53.1259444	-1 0 0 -1
8.4593414	16.01493	0 0 -1 -1
8.4764445	32.47367	0 -1 2 -1
8.4846741	17.9044	3 -1 -1 -1
8.4862508	63.3771139	-1 -1 2 -1
8.4906833	22.7434167	-1 0 0 -1
8.5188029	39.23904	0 -1 -1 -1
8.5193222	41.79392	5 -1 -1 -1
8.5200434	43.69958	0 -1 -1 -1
8.5244639	32.3225000	-1 1 -1 -1
8.5274546	22.57306	0 0 0 -1
8.5299555	22.65163	0 -1 -1 -1
8.5332472	30.6585278	-1 0 0 -1
8.5400361	16.8303056	-1 0 0 -1
8.5402303	18.8154	0 -1 -1 -1
8.5420003	35.28709	5 -1 -1 -1
8.5552222	51.0521667	-1 1 1 -1
8.5626222	10.4647778	-1 -1 -1 0
8.5630229	45.25542	0 -1 -1 -1
8.5645139	4.9728889	-1 -1 -1 1
8.5801028	17.0128056	-1 1 1 -1
8.6051839	9.15577	5 -1 -1 -1
8.6142212	18.71675	3 -1 -1 -1
8.6155192	5.54502	7 -1 -1 -1
8.6313202	44.84055	5 1 -1 -1
8.6448354	4.73584	5 -1 -1 -1
8.6457255	32.88662	7 -1 -1 0
8.6475433	25.45397	5 -1 -1 -1
8.6510712	54.11885	7 -1 -1 -1
8.6518056	57.9037222	-1 1 1 -1
8.6584144	59.8297972	-1 -1 2 -1
8.6673238	29.8174	7 -1 -1 -1
8.6799167	13.2066389	-1 1 -1 -1
8.6840525	4.79193	5 -1 -1 -1
8.6901922	61.2045389	-1 -1 2 -1
8.6922333	-2.0508333	-1 -1 2 -1
8.6926056	40.34532	3 -1 -1 -1
8.6946028	25.80775	-1 0 0 -1
8.6999028	50.0976944	-1 0 0 -1
8.7116109	39.18148	5 -1 -1 -1
8.7237915	29.12796	7 -1 -1 -1
8.7330922	51.09031	3 -1 -1 -1
8.7459605	21.49241	0 -1 2 -1
8.7462901	11.9154	0 -1 -1 -1
8.7542664	59.4798	3 -1 -1 -1
8.7580658	42.33136	5 -1 -1 -1
8.7683482	25.91487	7 -1 -1 -1
8.7729095	3.26102	5 -1 -1 -1
8.774881	16.42308	7 -1 -1 -1
8.775237	2.7843	5 -1 -1 -1
8.7756836	29.59872	5 -1 -1 -1
8.7818258	-1.5300778	-1 -1 2 -1
8.7938889	18.5322222	-1 -1 -1 1
8.7991667	31.81125	-1 1 -1 -1
8.7997355	31.78564	3 -1 -1 -1
8.8009288	58.1634	5 -1 -1 -1
8.8036591	57.00119	5 -1 -1 -1
8.81165	5.9263889	-1 1 -1 -1
8.8227214	54.22513	5 -1 -1 -1
8.8260708	28.3696111	-1 -1 2 -1
8.8345835	23.21414	3 -1 -1 -1
8.8385813	16.83986	5 -1 -1 -1
8.8481317	13.8211417	-1 -1 2 -1
8.848172	47.89767	0 -1 -1 -1
8.8505371	8.01405	3 -1 -1 -1
8.8514648	8.85187	0 -1 2 -1
8.8545115	8.45644	0 -1 -1 -1
8.8655589	42.73333	0 -1 -1 -1
8.8691732	24.84644	1 -1 -1 -1
8.8788951	18.19674	5 -1 -1 -1
8.8848022	54.618	0 -1 -1 -1
8.8857861	13.8820278	-1 1 1 -1
8.8864573	13.31016	0 -1 -1 -1
8.8893167	33.2749722	-1 0 0 -1
8.894575	61.55059	3 -1 -1 -1
8.932325	49.1862778	-1 -1 -1 1
8.9554056	24.1951667	-1 0 0 -1
8.9612889	34.0684444	-1 1 1 -1
8.9619853	3.37574	5 -1 -1 -1
8.9633341	59.49031	0 -1 -1 -1
8.9658508	17.07981	1 -1 -1 -1
8.9694639	27.8474444	-1 1 1 -1
8.9709056	50.8904583	-1 -1 2 -1
8.9781972	14.1621667	-1 1 -1 -1
8.9790386	17.1666944	-1 -1 2 -1
8.9841064	34.46597	5 -1 -1 -1
8.9907528	29.4605833	-1 -1 -1 1
8.9974813	32.13011	0 -1 -1 -1
9.0050444	7.7598611	-1 0 0 -1
9.0085724	13.75239	7 -1 -1 -1
9.0146047	50.93962	0 -1 -1 -1
9.0161102	51.16591	5 -1 -1 -1
9.021818	40.11377	3 -1 -1 -1
9.0231435	19.2381	5 -1 -1 -1
9.0233289	2.98395	-1 -1 2 -1
9.0306437	55.9243	5 -1 -1 -1
9.0352498	11.00898	0 -1 -1 -1
9.0388702	9.83501	0 -1 -1 -1
9.0430288	20.73831	0 -1 -1 -1
9.0435689	52.06355	0 -1 -1 -1
9.0440491	26.73348	3 -1 -1 -1
9.0459528	16.7862222	-1 0 0 -1
9.0497803	6.32909	7 -1 -1 -1
9.0513317	45.1649056	-1 -1 2 -1
9.0530955	54.06435	3 -1 -1 -1
9.0556824	52.56004	5 -1 -1 -1
9.0605682	17.72886	5 -1 -1 -1
9.0763967	25.00482	7 -1 -1 -1
9.0788198	19.93552	5 -1 -1 -1
9.0951701	42.35368	0 -1 -1 -1
9.0954278	40.2846667	-1 0 -1 -1
9.1057119	47.86894	7 -1 -1 -1
9.1088556	16.7702778	-1 1 1 -1
9.1263667	41.5816111	-1 1 1 -1
9.1434631	48.65507	3 -1 -1 -1
9.1473778	37.8056111	-1 1 1 -1
9.1627513	41.95585	5 -1 -1 -1
9.1641886	58.78445	5 -1 -1 -1
9.1698751	1.65105	0 -1 -1 -1
9.1707987	53.66405	3 -1 -1 -1
9.179068	23.52773	3 -1 -1 -1
9.1886511	7.5427833	-1 -1 2 -1
9.1929891	12.92726	7 -1 -1 -1
9.1956482	6.16932	5 -1 -1 -1
9.1982249	37.40372	5 -1 -1 -1
9.2011111	16.30825	-1 1 -1 -1
9.2012414	9.7366472	-1 -1 2 -1
9.2037111	13.6542028	-1 -1 2 -1
9.2069672	53.69423	3 -1 -1 -1
9.2090139	9.61346	5 -1 -1 -1
9.2098347	15.9996083	-1 -1 2 -1
9.2119397	-4.6749028	-1 -1 2 -1
9.2210215	0.74567	5 -1 -1 -1
9.2210459	52.14857	0 -1 -1 -1
9.2236647	12.4627667	-1 -1 2 -1
9.227005	3.28903	0 -1 -1 -1
9.234675	17.2645556	-1 1 -1 -1
9.2355583	52.4968333	-1 -1 -1 1
9.2375671	21.27771	5 -1 -1 -1
9.2387583	10.11125	-1 -1 -1 0
9.2389008	17.43635	7 -1 -1 -1
9.2393214	58.3791056	-1 -1 2 -1
9.2429677	2.4546	5 -1 -1 -1
9.2450056	15.3654722	-1 0 0 -1
9.2459829	41.62067	5 -1 -1 -1
9.2479309	4.26536	7 -1 -1 -1
9.2521342	36.37565	3 -1 -1 -1
9.2660868	41.48435	5 -1 -1 -1
9.2775397	5.430725	-1 -1 2 -1
9.2799316	38.30163	8 -1 -1 -1
9.2855509	55.15227	0 -1 2 -1
9.3036997	7.15335	3 -1 -1 -1
9.3165253	55.32231	5 -1 -1 -1
9.3166636	31.8637694	-1 -1 2 -1
9.3231812	40.6508	5 -1 -1 -1
9.3283936	26.15666	5 -1 -1 -1
9.3291658	36.1622722	-1 -1 2 -1
9.3419312	40.31282	5 -1 -1 -1
9.3469556	40.6646667	-1 0 -1 -1
9.3504079	11.49595	0 -1 -1 -1
9.3520944	45.6460278	-1 1 1 -1
9.3527079	12.9899	1 -1 -1 -1
9.3629306	37.9028056	-1 1 1 -1
9.3805361	53.0392222	-1 1 1 -1
9.3819967	54.30783	5 -1 -1 -1
9.3863932	10.51184	5 -1 -1 -1
9.3979869	14.28294	5 -1 -1 -1
9.4003255	40.58253	3 -1 -1 -1
9.401888	13.21664	0 -1 -1 -1
9.4085653	7.9489	7 -1 -1 -1
9.4136251	6.04524	3 -1 -1 -1
9.4275167	36.45155	0 -1 2 -1
9.4334778	19.05206	7 -1 -1 -1
9.4364644	17.06609	7 -1 -1 -1
9.4367635	32.78923	3 -1 -1 -1
9.437558	16.85353	0 -1 -1 -1
9.4417521	10.98684	4 -1 -1 -1
9.4431875	29.57282	0 -1 -1 -1
9.443515	26.46746	5 -1 -1 -1
9.4511892	54.39627	7 -1 2 -1
9.4583659	18.41876	8 -1 -1 -1
9.4625895	4.93744	5 -1 -1 -1
9.4633036	23.23491	5 -1 -1 -1
9.4782064	28.00496	5 -1 -1 -1
9.4875061	0.40722	7 -1 -1 -1
9.4921997	46.44556	7 -1 -1 -1
9.4930611	62.9498056	-1 0 0 -1
9.4964111	51.9486667	-1 -1 -1 0
9.5092917	36.0232222	-1 1 1 -1
9.5126119	16.99145	0 -1 -1 -1
9.5136836	64.3769472	-1 -1 2 -1
9.5163177	3.80771	0 0 0 -1
9.5314697	12.86127	5 -1 -1 -1
9.5331783	20.2127139	-1 -1 2 -1
9.5377543	18.07221	5 -1 -1 -1
9.5426493	44.98385	7 -1 -1 -1
9.5439718	16.19923	5 -1 -1 -1
9.5514639	29.1708611	-1 0 -1 -1
9.5521678	5.24404	1 -1 -1 -1
9.5638428	45.33273	0 -1 2 -1
9.5753296	-0.38544	7 -1 -1 -1
9.5766154	14.34491	5 -1 -1 -1
9.5898553	23.9180639	-1 -1 2 -1
9.6018443	25.90534	7 -1 -1 -1
9.6115468	53.10767	3 -1 -1 -1
9.6116669	11.23084	7 -1 -1 -1
9.6121226	8.83086	3 -1 -1 -1
9.6393056	55.72609	5 -1 -1 -1
9.6411997	5.70416	5 -1 -1 -1
9.6429687	45.33995	7 -1 -1 -1
9.6477356	19.54688	3 -1 -1 -1
9.6639444	35.9314167	-1 1 -1 -1
9.6759298	22.0006	5 -1 -1 -1
9.6896389	-1.7169444	-1 1 1 -1
9.6900055	39.74496	5 1 1 -1
9.6902791	12.57718	5 -1 -1 -1
9.6902974	21.35043	3 -1 -1 -1
9.7005667	10.97175	-1 0 0 -1
9.7023333	13.8645	-1 1 -1 -1
9.7039556	6.4645556	-1 -1 -1 1
9.709255	63.40165	7 -1 -1 -1
9.7202056	2.7243056	-1 1 -1 -1
9.7207184	12.15951	7 -1 -1 -1
9.7258306	33.6995278	-1 0 0 -1
9.7261664	-5.1274111	-1 -1 2 -1
9.7327555	6.01222	5 -1 -1 -1
9.7378889	9.772	-1 1 1 -1
9.7404846	52.02689	5 -1 -1 -1
9.7440379	64.19578	5 -1 -1 -1
9.7453298	2.79836	1 -1 2 -1
9.7465047	51.10373	3 -1 -1 -1
9.7486156	-6.2690667	-1 -1 2 -1
9.7538361	16.9226944	-1 1 1 -1
9.7706944	58.3271111	-1 0 0 -1
9.7840019	34.0532639	-1 -1 2 -1
9.7840922	9.72784	7 -1 -1 -1
9.7875865	52.84959	1 -1 2 -1
9.7936025	9.128	7 -1 -1 -1
9.7957778	7.4207500	-1 1 -1 -1
9.8040771	7.71444	7 -1 -1 -1
9.8051056	56.31644	0 -1 -1 -1
9.8114044	42.30366	3 -1 2 -1
9.8215576	18.13968	7 -1 -1 -1
9.8285522	-0.84008	8 -1 -1 -1
9.8353808	43.73345	-1 -1 2 -1
9.836325	14.3325833	-1 1 1 -1
9.8472382	-0.88775	5 -1 -1 -1
9.8507222	10.3704	0 -1 2 -1
9.8663417	-0.0241111	-1 1 -1 -1
9.8668111	24.3749167	-1 1 1 -1
9.8941639	25.2735	-1 1 1 -1
9.8976034	22.25892	8 -1 -1 -1
9.9019528	21.3766389	-1 1 1 -1
9.9053324	27.26666	5 -1 -1 -1
9.9083394	58.21227	5 -1 -1 -1
9.9243785	3.75467	0 0 -1 -1
9.9276316	1.59678	1 -1 2 -1
9.9297496	14.93005	0 -1 -1 -1
9.9342319	23.6363417	-1 -1 2 -1
9.9446584	-0.02334	5 -1 -1 -1
9.9449198	18.59654	0 -1 2 -1
9.9476624	28.52766	5 -1 -1 -1
9.9501664	-6.7357333	-1 -1 2 -1
9.9545583	19.11424	0 -1 2 -1
9.9557505	9.88122	7 -1 -1 -1
9.9605194	26.17368	0 -1 -1 -1
9.9664795	3.45717	0 -1 2 -1
9.9667192	19.2697611	-1 -1 2 -1
9.9671326	28.85985	0 -1 -1 -1
9.9776072	26.69457	3 -1 -1 -1
9.9781871	60.22775	5 -1 -1 -1
9.982784	28.31866	5 -1 -1 -1
10.0048639	0.0897222	-1 1 1 -1
10.0060972	22.5550556	-1 1 1 -1
10.0078083	14.0261389	-1 -1 1 -1
10.0103028	39.9865278	-1 -1 -1 0
10.011997	1.76887	3 -1 -1 -1
10.0121311	20.7869194	-1 -1 2 -1
10.019807	55.13937	7 -1 -1 -1
10.0232361	-0.4357778	-1 1 -1 -1
10.024654	4.57699	7 -1 -1 -1
10.027852	13.98585	7 -1 -1 -1
10.027944	6.81839	5 -1 -1 -1
10.0296472	28.7823611	-1 1 1 -1
10.031358	-0.87805	0 -1 -1 -1
10.044035	12.01815	5 -1 -1 -1
10.049183	19.86467	8 -1 -1 -1
10.056148	10.28089	3 -1 -1 -1
10.0577489	-4.6359056	-1 -1 2 -1
10.0758167	31.8643056	-1 1 -1 -1
10.0810639	54.5678611	-1 0 0 -1
10.082412	9.78537	0 -1 -1 -1
10.085581	9.20928	0 -1 -1 -1
10.097542	24.31984	5 -1 -1 -1
10.09993	35.73466	0 -1 -1 -1
10.1004833	34.9028889	-1 1 -1 -1
10.107801	8.83625	1 -1 -1 -1
10.115822	35.52158	3 -1 -1 -1
10.12035	12.78699	7 -1 -1 -1
10.1219222	44.4170556	-1 1 -1 -1
10.1239167	12.8156139	-1 1 -1 -1
10.1284833	59.1360833	-1 1 -1 -1
10.1303611	-4.895	-1 -1 -1 0
10.1325167	28.0299722	-1 0 -1 -1
10.134482	50.44522	0 0 -1 -1
10.137331	12.2072	7 -1 -1 -1
10.1435492	28.217175	-1 -1 2 -1
10.157136	28.29997	0 -1 -1 -1
10.159644	4.29669	5 -1 -1 -1
10.159918	18.43376	1 -1 -1 -1
10.1620397	3.6206389	-1 -1 2 -1
10.174705	7.67263	0 -1 -1 -1
10.1834333	6.4111667	-1 1 -1 -1
10.1873278	19.2404722	-1 0 -1 -1
10.1959611	46.47225	-1 1 -1 -1
10.201777	8.69253	0 -1 -1 -1
10.204374	29.81742	5 -1 -1 -1
10.2055978	36.6599639	-1 -1 2 -1
10.210156	40.51865	7 -1 -1 -1
10.221252	6.75535	5 -1 -1 -1
10.232327	4.14943	3 -1 -1 -1
10.234557	6.24344	5 -1 -1 -1
10.237766	10.85159	5 1 1 -1
10.237996	34.44022	0 -1 -1 -1
10.24002	50.30557	0 -1 -1 -1
10.243387	49.75906	0 -1 2 -1
10.2451997	0.6352778	-1 -1 2 -1
10.2464028	23.0201944	-1 1 1 -1
10.2626278	31.2500556	-1 0 0 -1
10.26618	40.7798	5 1 1 -1
10.2673217	24.0044667	-1 -1 2 -1
10.268324	9.50343	3 -1 -1 -1
10.272279	10.2162	5 -1 -1 -1
10.281123	17.16678	5 -1 -1 -1
10.2872639	39.0233333	-1 1 -1 -1
10.292365	63.49828	5 -1 -1 -1
10.29239	16.28513	7 -1 -1 -1
10.2971583	27.5354722	-1 1 1 -1
10.3002478	63.87445	-1 -1 2 -1
10.308746	46.15461	5 -1 -1 -1
10.309576	-0.83961	5 -1 -1 -1
10.311808	58.97677	5 -1 -1 -1
10.320063	8.07998	3 -1 -1 -1
10.322182	42.45968	0 -1 -1 -1
10.325649	14.05052	3 -1 -1 -1
10.3272056	0.3321389	-1 0 0 -1
10.3318	39.50635	5 -1 -1 -1
10.3335625	17.2489222	-1 -1 2 -1
10.335725	17.8048333	-1 0 0 -1
10.3471139	48.5345	-1 1 -1 -1
10.353222	18.63639	0 -1 -1 -1
10.354512	49.84458	0 -1 -1 -1
10.363995	8.14276	0 -1 -1 -1
10.3651611	21.9919167	-1 1 -1 -1
10.365743	14.7254	5 -1 -1 -1
10.367968	44.86226	5 -1 -1 -1
10.3713381	-4.3483667	-1 -1 2 -1
10.377058	38.57916	3 -1 -1 -1
10.378501	33.42904	3 -1 -1 -1
10.3872889	48.5227778	-1 0 0 -1
10.389618	8.86699	0 -1 -1 -1
10.3940861	59.0804167	-1 1 -1 -1
10.403445	21.0895	0 -1 -1 -1
10.417112	4.03401	0 -1 2 -1
10.4224222	20.1725833	-1 1 1 -1
10.4249639	42.9619722	-1 1 1 -1
10.426008	35.96189	0 -1 -1 -1
10.431367	21.89925	7 -1 -1 -1
10.4343972	39.09	-1 0 0 -1
10.440212	54.48508	7 -1 -1 -1
10.4422111	6.4590833	-1 1 1 -1
10.451066	38.33697	0 0 0 -1
10.4541583	46.0560833	-1 1 1 -1
10.4591361	48.2851111	-1 1 1 -1
10.466075	10.5635	-1 -1 -1 0
10.467451	6.6088	5 -1 -1 -1
10.489975	61.45015	5 -1 -1 -1
10.492724	29.91729	8 -1 -1 -1
10.495825	25.38633	1 -1 -1 -1
10.507692	61.01104	5 -1 -1 -1
10.510044	35.91662	0 0 -1 -1
10.520788	60.59657	7 -1 -1 -1
10.5240556	11.8806944	-1 0 0 -1
10.52451	8.72337	5 1 1 -1
10.528754	52.42644	5 -1 -1 -1
10.530165	22.8309	3 -1 -1 -1
10.530189	22.87543	5 -1 -1 -1
10.537743	31.8766	1 -1 -1 -1
10.547349	2.64139	3 -1 -1 -1
10.549694	56.74816	0 0 0 -1
10.551354	34.5257	7 -1 -1 -1
10.5578639	17.7124167	-1 1 1 -1
10.5594083	58.2438611	-1 1 1 -1
10.575889	61.47047	5 -1 -1 -1
10.5766139	25.3049722	-1 -1 -1 1
10.578684	5.55549	5 -1 -1 -1
10.584061	42.9301	0 -1 2 -1
10.599076	54.43683	5 -1 -1 -1
10.600241	10.12441	7 -1 -1 -1
10.601602	0.10189	0 -1 -1 -1
10.60178	36.11632	3 -1 -1 -1
10.610068	38.58561	0 -1 -1 -1
10.610599	14.0241	0 -1 -1 -1
10.613633	48.83027	0 -1 -1 -1
10.630262	15.68984	5 -1 -1 -1
10.640838	41.81469	0 0 -1 -1
10.643509	1.29708	0 -1 2 -1
10.648994	57.87988	5 -1 -1 -1
10.650084	59.0966	5 -1 -1 -1
10.652595	-0.78773	7 -1 -1 -1
10.657839	5.60379	6 -1 -1 -1
10.6584528	39.7885833	-1 0 -1 -1
10.6608078	55.6285472	-1 -1 2 -1
10.6630564	-6.7576083	-1 -1 2 -1
10.665356	14.31518	7 -1 -1 -1
10.672912	50.94032	0 -1 -1 -1
10.6792611	39.9134722	-1 0 -1 -1
10.6805528	56.25225	-1 0 -1 -1
10.6845978	33.9199194	-1 -1 2 -1
10.686985	56.80872	0 -1 -1 -1
10.694095	63.10412	5 -1 -1 -1
10.6941694	2.7091667	-1 1 -1 -1
10.7079167	34.0996389	-1 -1 -1 0
10.70871	2.6196	5 -1 -1 -1
10.7092722	36.6629167	-1 0 0 -1
10.715008	28.43307	5 -1 -1 -1
10.7150339	29.1215389	-1 -1 2 -1
10.723388	8.5514	0 -1 -1 -1
10.726676	39.56981	3 -1 -1 -1
10.727837	30.8829	5 -1 -1 -1
10.729336	51.01051	5 -1 -1 -1
10.737868	52.68209	7 -1 -1 -1
10.741748	5.74516	5 -1 -1 -1
10.742955	14.70113	7 -1 -1 -1
10.750411	12.96745	1 -1 -1 -1
10.750762	47.29978	5 -1 2 -1
10.763472	4.34239	7 -1 -1 -1
10.770524	18.29395	5 -1 -1 -1
10.7716778	54.99375	-1 1 1 -1
10.775614	54.59993	5 -1 -1 -1
10.779408	31.7408	0 -1 -1 -1
10.7796969	12.1793306	-1 -1 2 -1
10.795231	43.78131	0 -1 2 -1
10.8153556	31.3292222	-1 0 0 -1
10.815726	62.63005	7 -1 -1 -1
10.8186833	55.2208056	-1 0 0 -1
10.820581	0.99589	7 -1 2 -1
10.822538	-0.66806	0 0 0 -1
10.8239389	-2.9146389	-1 1 1 -1
10.83205	46.31988	0 -1 2 -1
10.833015	0.32231	0 -1 -1 -1
10.835119	30.67933	0 -1 -1 -1
10.847911	40.01411	5 -1 -1 -1
10.852537	10.64095	9 -1 -1 -1
10.8584736	5.0532111	-1 -1 2 -1
10.8609981	58.1314722	-1 -1 2 -1
10.861286	10.99635	7 -1 -1 -1
10.863166	55.38566	0 0 0 -1
10.8746886	11.7629611	-1 -1 2 -1
10.881417	48.44344	5 -1 -1 -1
10.883327	43.04861	0 0 0 -1
10.891296	56.3919	5 -1 -1 -1
10.891844	19.93602	3 -1 -1 -1
10.8955889	49.4988611	-1 0 0 -1
10.895857	3.53844	5 -1 -1 -1
10.896926	40.3961	0 0 0 -1
10.90034	22.26113	5 -1 -1 -1
10.910988	6.10852	5 -1 -1 -1
10.914476	7.66845	3 -1 -1 -1
10.9169406	52.0336944	-1 -1 2 -1
10.91815	5.91489	5 -1 -1 -1
10.9225667	37.4479444	-1 -1 -1 1
10.92916	45.40042	0 0 0 -1
10.940215	16.74149	0 -1 -1 -1
10.941838	2.54582	9 -1 -1 -1
10.944983	24.71348	5 -1 -1 -1
10.950775	56.7508611	-1 0 0 -1
10.955677	30.20844	0 -1 -1 -1
10.959938	2.57139	5 -1 -1 -1
10.965293	8.63448	0 -1 -1 -1
10.9715167	19.8693056	-1 1 1 -1
10.979512	39.31166	3 -1 -1 -1
10.9799083	16.7572222	-1 0 0 -1
10.981433	40.29904	7 -1 -1 -1
10.9829694	43.02325	-1 1 1 -1
10.985596	26.57084	5 -1 -1 -1
10.987401	5.29203	7 -1 -1 -1
11.0005611	30.4616667	-1 1 1 -1
11.002072	26.50082	7 -1 -1 -1
11.009747	25.65308	5 -1 -1 -1
11.027804	33.28906	0 -1 -1 -1
11.031082	16.67742	5 -1 -1 -1
11.0344194	-1.27175	-1 1 1 -1
11.037267	24.49854	5 -1 -1 -1
11.037689	29.12368	7 -1 -1 -1
11.040239	4.18078	5 -1 -1 -1
11.048319	12.98446	7 -1 -1 -1
11.053018	4.31055	5 -1 -1 -1
11.063786	4.86782	5 -1 -1 -1
11.072035	19.6912	0 -1 -1 -1
11.08967	30.16154	0 -1 -1 -1
11.09007	59.72832	0 -1 -1 -1
11.092199	41.09727	0 -1 -1 -1
11.092237	7.62528	1 -1 -1 -1
11.0932722	9.3323056	-1 0 0 -1
11.0986419	-0.0593417	-1 -1 2 -1
11.10281	25.19901	5 -1 -1 -1
11.104728	8.97591	3 -1 -1 -1
11.108825	-0.8809722	-1 1 -1 -1
11.113646	29.89809	0 -1 -1 -1
11.1137972	13.9195278	-1 -1 -1 0
11.11421	14.20346	0 -1 -1 -1
11.134077	2.7671	3 -1 -1 -1
11.139725	29.241	3 -1 -1 -1
11.1437778	38.9783611	-1 1 1 -1
11.145124	30.39921	5 -1 -1 -1
11.1477194	25.0144722	-1 1 1 -1
11.152529	63.47019	3 -1 -1 -1
11.15613	23.91861	0 -1 -1 -1
11.1644611	37.6455278	-1 1 1 -1
11.168038	21.42241	9 -1 -1 -1
11.1722417	20.7826389	-1 0 -1 -1
11.174417	5.42812	5 -1 -1 -1
11.1770361	54.19325	-1 0 0 -1
11.181396	7.23389	7 -1 -1 -1
11.1896417	3.1528889	-1 1 1 -1
11.1921	35.6793056	-1 1 1 -1
11.192388	16.43873	0 -1 -1 -1
11.19545	40.8209167	-1 0 0 -1
11.201404	37.59185	0 -1 -1 -1
11.2031583	30.7311944	-1 0 0 -1
11.207458	55.43693	7 -1 -1 -1
11.2106556	43.4408611	-1 1 1 -1
11.214872	53.83028	5 -1 -1 -1
11.221643	41.40814	3 -1 -1 -1
11.2255917	-2.2153333	-1 1 1 -1
11.225602	35.98452	0 -1 -1 -1
11.2269806	23.8129167	-1 0 -1 -1
11.2440083	40.6224444	-1 1 1 -1
11.246564	1.85423	5 -1 -1 -1
11.250224	2.98561	3 -1 -1 -1
11.2522222	25.3122222	-1 -1 -1 0
11.25235	28.56292	7 -1 -1 -1
11.256433	49.94469	3 -1 -1 -1
11.265755	17.60058	5 -1 -1 -1
11.26866	24.93912	5 -1 -1 -1
11.2763056	29.2556944	-1 0 0 -1
11.287331	25.52926	5 -1 -1 -1
11.2927361	-2.6001667	-1 0 -1 -1
11.3001944	-5.9416667	-1 -1 -1 0
11.3033972	53.3290833	-1 1 -1 -1
11.309323	31.25322	1 -1 2 -1
11.309393	31.25475	0 -1 -1 -1
11.317746	60.47799	0 -1 -1 -1
11.319761	8.26107	0 0 0 -1
11.3254989	2.1251694	-1 -1 2 -1
11.325881	63.28793	0 -1 2 -1
11.3445878	29.2072333	-1 -1 2 -1
11.348208	14.31379	7 -1 -1 -1
11.3488417	17.6483333	-1 0 0 -1
11.353308	11.76381	5 -1 -1 -1
11.355532	-0.22246	1 -1 -1 -1
11.357347	53.7491	5 -1 -1 -1
11.378346	21.55833	5 -1 -1 -1
11.384354	43.79869	3 -1 -1 -1
11.3978722	44.6265556	-1 0 0 -1
11.4008861	47.9708056	-1 0 0 -1
11.410389	4.93858	5 -1 1 -1
11.4129003	28.9517417	-1 -1 2 -1
11.4159444	17.29575	-1 0 0 -1
11.417261	9.16757	8 -1 2 -1
11.419451	2.64684	7 -1 -1 -1
11.424187	27.24828	5 -1 -1 -1
11.426665	41.43564	7 -1 -1 -1
11.4343306	54.8914167	-1 0 -1 -1
11.4357028	30.0601389	-1 -1 1 -1
11.4408694	12.3429722	-1 -1 1 -1
11.460426	58.84987	3 -1 -1 -1
11.469398	25.32075	7 -1 -1 -1
11.476111	56.14444	3 -1 -1 -1
11.481241	39.82657	7 -1 -1 -1
11.486709	27.55389	0 -1 -1 -1
11.490038	21.02052	3 -1 2 0
11.493139	2.29244	5 -1 -1 -1
11.493325	0.2548611	-1 1 1 -1
11.495049	54.42469	3 -1 -1 -1
11.498482	6.88675	3 -1 -1 -1
11.501734	19.74556	5 -1 -1 -1
11.5035528	23.9728056	-1 0 -1 -1
11.512207	34.91322	0 -1 -1 -1
11.513565	25.4099	1 -1 -1 -1
11.5230208	21.4356139	-1 -1 2 -1
11.524755	16.39344	2 -1 -1 -1
11.5267	7.88211	5 -1 -1 -1
11.530893	11.2623	0 -1 -1 -1
11.532152	61.7886	5 -1 -1 -1
11.539653	55.97182	0 -1 -1 -1
11.539675	39.59054	0 -1 -1 -1
11.540602	23.75376	3 -1 -1 -1
11.545008	12.21997	0 -1 -1 -1
11.547259	24.81592	3 -1 -1 -1
11.55251	46.6465	7 -1 -1 -1
11.552614	33.72012	5 1 -1 -1
11.5536611	50.1444167	-1 1 -1 -1
11.566454	49.06205	1 0 -1 -1
11.57735	43.4668056	-1 1 -1 -1
11.5818361	30.0903333	-1 1 -1 -1
11.590258	6.91149	5 -1 -1 -1
11.603624	40.04327	5 -1 -1 -1
11.607321	50.22327	3 -1 -1 -1
11.612079	54.91301	5 -1 -1 -1
11.6230333	61.3277500	-1 1 1 -1
11.6412122	15.916125	-1 -1 2 -1
11.647066	45.00482	5 -1 -1 -1
11.647291	20.65511	0 -1 -1 -1
11.649364	37.47694	7 -1 -1 -1
11.660148	36.12983	5 -1 -1 -1
11.661129	24.40166	5 -1 -1 -1
11.6713972	17.7275	-1 0 -1 -1
11.672284	53.84145	0 -1 2 -1
11.674372	12.05231	7 0 0 -1
11.675986	16.66134	7 -1 -1 -1
11.676224	44.0967	0 -1 -1 -1
11.6856194	1.23825	-1 1 -1 -1
11.686616	5.73474	0 -1 2 -1
11.69055	8.03792	0 -1 -1 -1
11.69827	5.43495	7 -1 -1 -1
11.700713	21.7532	5 -1 -1 -1
11.702479	4.62599	0 -1 -1 -1
11.7029778	55.4582222	-1 0 0 -1
11.7033639	10.1997222	-1 0 0 -1
11.715082	11.0258	2 -1 -1 -1
11.7158972	21.4868056	-1 1 1 -1
11.716316	1.90618	7 -1 -1 -1
11.7163278	48.8554722	-1 -1 1 -1
11.7236222	22.1155556	-1 1 -1 -1
11.727666	46.35569	5 -1 -1 -1
11.727734	7.49989	3 -1 2 -1
11.729007	22.48523	7 -1 -1 -1
11.7293139	19.3926111	-1 0 0 -1
11.734411	44.0061	5 -1 -1 -1
11.738344	38.08	7 -1 -1 -1
11.7392306	29.9736944	-1 1 1 -1
11.739737	3.97991	3 -1 -1 -1
11.740292	25.23547	0 -1 -1 -1
11.740888	37.1422	5 1 -1 -1
11.741144	3.97104	5 -1 -1 -1
11.7483361	-0.5268056	-1 1 -1 -1
11.7514528	19.6105	-1 0 0 -1
11.751812	53.648	7 -1 -1 -1
11.756163	15.49535	7 -1 -1 -1
11.7586194	31.5602778	-1 1 -1 -1
11.7620583	49.769	-1 1 -1 -1
11.773056	44.41641	3 -1 -1 -1
11.773244	10.08272	0 -1 -1 -1
11.774638	6.88485	5 -1 -1 -1
11.779626	23.46968	3 -1 -1 -1
11.7874194	25.3889444	-1 1 1 -1
11.789483	35.01877	3 -1 -1 -1
11.793572	20.86201	7 -1 -1 -1
11.797656	2.27337	5 -1 -1 -1
11.802958	21.88669	0 -1 -1 -1
11.803011	28.57912	3 -1 -1 -1
11.8131972	4.9243611	-1 1 1 -1
11.81963	15.32353	3 -1 -1 -1
11.8248689	49.19225	-1 -1 2 -1
11.8278	38.19516	3 -1 -1 -1
11.830031	43.9035	0 -1 -1 -1
11.8320944	12.78775	-1 1 1 -1
11.834364	25.65719	3 -1 -1 -1
11.836466	53.72242	5 -1 -1 -1
11.847497	-3.18697	5 -1 -1 -1
11.849993	42.27002	8 -1 -1 -1
11.85261	43.98852	0 0 0 -1
11.857131	54.83526	3 -1 -1 -1
11.858624	16.52398	0 -1 -1 -1
11.8629558	4.3687722	-1 -1 2 -1
11.868792	21.39184	8 -1 -1 -1
11.8841972	11.1223333	-1 1 1 -1
11.88557	46.04567	0 -1 -1 -1
11.887996	23.51162	7 -1 -1 -1
11.8899694	30.9846667	-1 0 0 -1
11.897079	42.84531	7 -1 -1 -1
11.897809	8.13632	5 -1 -1 -1
11.898011	38.19682	5 -1 -1 -1
11.899688	9.65829	5 -1 -1 -1
11.905756	45.39153	5 -1 -1 -1
11.906824	2.11471	7 -1 2 -1
11.907514	52.78914	5 -1 -1 -1
11.91531	32.58852	7 -1 -1 -1
11.917068	16.56087	5 -1 -1 -1
11.9182031	21.4417556	-1 -1 2 -1
11.9191583	23.4398333	-1 0 0 -1
11.9204472	54.8806667	-1 1 1 -1
11.920459	-0.5261	1 -1 2 -1
11.9253139	54.8982500	-1 1 -1 -1
11.9411028	39.1778611	-1 -1 -1 0
11.9455	41.25793	7 -1 -1 -1
11.946282	30.1906	0 -1 -1 -1
11.9582222	29.3855833	-1 0 0 -1
11.970268	30.10722	5 -1 -1 -1
11.9712139	34.1016389	-1 0 0 -1
11.972262	26.35337	6 -1 -1 -1
11.9933472	23.6631944	-1 0 0 -1
11.994895	-0.53164	7 -1 -1 -1
11.998453	-1.3523	5 -1 -1 -1
12.0060917	-2.0313056	-1 0 -1 -1
12.0127525	29.7109278	-1 -1 2 -1
12.0166028	31.5660833	-1 1 1 -1
12.021721	6.31648	3 -1 -1 -1
12.0236139	25.34	-1 1 1 -1
12.0240814	-7.0528	-1 -1 2 -1
12.028251	22.94623	5 -1 -1 -1
12.030362	-0.50945	5 -1 -1 -1
12.034274	-1.42949	5 -1 -1 -1
12.0344972	58.0338611	-1 0 -1 -1
12.0407397	12.2796611	-1 -1 2 -1
12.041144	58.69257	7 -1 -1 -1
12.04123	27.13175	5 -1 -1 -1
12.04511	-1.39607	5 -1 -1 -1
12.050457	28.59614	7 -1 -1 -1
12.053381	14.86486	3 -1 -1 -1
12.060184	27.94421	3 -1 -1 -1
12.061275	31.98592	3 -1 -1 -1
12.067075	20.2323056	-1 0 2 -1
12.068442	2.41156	5 -1 -1 -1
12.0736917	3.7529444	-1 0 -1 -1
12.074566	50.17194	5 -1 -1 -1
12.0754681	37.956975	-1 -1 2 -1
12.0801444	38.0278056	-1 -1 -1 0
12.0811972	29.4867778	-1 1 1 -1
12.081949	48.54913	0 -1 -1 -1
12.082953	45.99361	0 -1 -1 -1
12.087362	32.07143	0 -1 -1 -1
12.089525	5.1615	-1 0 0 -1
12.100986	16.44304	0 -1 -1 -1
12.1055361	4.1033889	-1 1 -1 -1
12.10563	3.7809111	-1 -1 2 -1
12.106441	42.5798	3 -1 -1 -1
12.109042	37.67356	5 -1 -1 -1
12.109263	22.26045	7 -1 -1 -1
12.113236	31.87541	3 -1 2 -1
12.1138111	23.1047778	-1 -1 -1 0
12.113877	27.493	7 -1 -1 -1
12.122532	51.02097	5 -1 -1 -1
12.123677	14.35712	0 -1 -1 -1
12.125813	33.87782	5 -1 -1 -1
12.129727	45.23366	5 -1 -1 -1
12.135292	42.07037	7 -1 -1 -1
12.136928	14.8235	7 -1 -1 -1
12.137151	44.06194	0 -1 2 -1
12.143642	61.35178	7 -1 -1 -1
12.148778	46.68716	3 -1 -1 -1
12.151889	-2.96252	5 -1 -1 -1
12.1537556	43.6551944	-1 1 1 -1
12.156717	56.33466	5 -1 -1 -1
12.1621167	-2.0832222	-1 0 -1 -1
12.169998	11.35077	0 -1 -1 -1
12.184247	-0.33479	5 -1 -1 -1
12.184474	15.78204	7 -1 -1 -1
12.1863861	6.1289167	-1 0 -1 -1
12.1872417	6.14275	-1 0 -1 -1
12.189202	14.24424	0 0 0 -1
12.195324	8.01896	0 -1 -1 -1
12.197521	48.81978	5 -1 -1 -1
12.1989	7.12675	-1 -1 -1 0
12.2258139	7.4213611	-1 0 0 -1
12.242898	0.79107	5 -1 -1 -1
12.2465917	-1.0033611	-1 1 1 -1
12.2553306	47.3617778	-1 0 -1 -1
12.2582778	53.5983611	-1 1 1 -1
12.258991	18.71372	3 -1 -1 -1
12.2594944	13.9430556	-1 0 0 -1
12.2621722	17.1548889	-1 0 0 -1
12.2722083	15.9049167	-1 0 0 -1
12.277813	3.70872	1 0 -1 -1
12.293828	53.57453	3 -1 -1 -1
12.294105	3.66334	1 -1 2 -1
12.2991389	25.4908889	-1 1 -1 -1
12.313856	50.43824	5 -1 -1 -1
12.31645	19.9246944	-1 1 1 -1
12.3230944	5.8242500	-1 0 0 -1
12.323746	0.68112	5 -1 -1 -1
12.328599	4.55948	1 -1 -1 -1
12.329443	22.91956	0 -1 -1 -1
12.3411333	9.4741389	-1 1 1 -1
12.342447	0.07151	0 -1 -1 -1
12.3427444	33.7196944	-1 1 1 -1
12.352188	7.89181	7 -1 -1 -1
12.363792	32.29705	8 -1 -1 -1
12.3647	31.51575	-1 1 1 -1
12.3656	2.0807778	-1 0 -1 -1
12.368594	20.99347	0 -1 -1 -1
12.368912	34.18253	3 -1 -1 -1
12.3734008	-4.8252333	-1 -1 2 -1
12.374647	2.50264	5 -1 -1 -1
12.3924889	61.2520222	-1 -1 2 -1
12.394092	16.744	3 -1 -1 -1
12.40372	16.1002	3 -1 -1 -1
12.4071778	2.0529722	-1 -1 -1 1
12.4083889	42.1066667	-1 1 1 -1
12.410522	56.39445	0 -1 -1 -1
12.412985	18.42559	3 -1 -1 -1
12.4177167	12.8764444	-1 0 -1 -1
12.423473	37.62189	1 -1 2 -1
12.4255806	19.4375556	-1 0 0 -1
12.427837	49.07704	3 -1 -1 -1
12.429055	59.69191	5 -1 -1 -1
12.439577	64.10612	0 0 0 -1
12.444506	25.64878	5 -1 -1 -1
12.444675	43.0858889	-1 0 0 -1
12.4483083	4.4885833	-1 -1 -1 1
12.454907	2.60166	2 -1 -1 -1
12.455089	8.84355	5 -1 -1 -1
12.464234	63.38481	0 -1 -1 -1
12.464676	49.67656	7 -1 -1 -1
12.4699361	20.3886389	-1 1 -1 -1
12.47286	26.72893	0 -1 -1 -1
12.474716	4.74945	5 -1 -1 -1
12.480456	21.9467	7 -1 -1 -1
12.485325	31.6253056	-1 -1 -1 0
12.4923944	17.8391389	-1 1 1 -1
12.495841	26.17918	0 0 -1 -1
12.49787	11.67745	1 -1 -1 -1
12.5016061	-7.8811028	-1 -1 2 -1
12.5137389	12.3893333	-1 0 0 -1
12.5247028	49.2602778	-1 0 0 -1
12.545765	33.45404	5 -1 -1 -1
12.546113	-0.92355	5 -1 -1 -1
12.5500833	6.05725	-1 -1 -1 1
12.554646	19.48066	0 -1 -1 -1
12.5707583	22.3799722	-1 -1 -1 1
12.573433	57.89088	0 -1 -1 -1
12.575069	41.15965	5 -1 -1 -1
12.5770639	-8.0707778	-1 -1 -1 0
12.5897333	21.3380000	-1 1 -1 -1
12.6021158	16.6404083	-1 -1 2 -1
12.6080917	16.54225	-1 0 -1 -1
12.6132556	55.4143056	-1 -1 -1 1
12.6138778	36.9216667	-1 -1 1 -1
12.613959	33.25517	3 -1 -1 -1
12.621616	5.6998	5 -1 -1 -1
12.63943	58.36771	0 -1 -1 -1
12.646519	52.05059	5 -1 -1 -1
12.6519889	5.3234722	-1 1 1 -1
12.656071	17.1993	0 -1 -1 -1
12.665128	37.73205	3 -1 -1 -1
12.672776	46.94344	5 -1 -1 -1
12.677104	26.91503	8 -1 -1 -1
12.6831878	18.5405833	-1 -1 2 -1
12.685739	27.57973	0 -1 -1 -1
12.693318	16.3427	0 0 -1 -1
12.6971778	57.51025	-1 1 -1 -1
12.697272	16.00544	7 -1 -1 -1
12.7019239	32.5415194	-1 -1 2 -1
12.702052	50.36295	1 0 0 -1
12.7054667	-4.7721389	-1 1 -1 -1
12.706653	36.83409	5 -1 -1 -1
12.713268	40.69564	7 -1 -1 -1
12.714178	11.01775	5 -1 -1 -1
12.722144	30.2419	7 -1 -1 -1
12.732675	16.3813056	-1 1 1 -1
12.736422	14.4825	5 -1 -1 -1
12.743248	19.65002	7 -1 -1 -1
12.744382	37.98573	3 -1 -1 -1
12.746169	-1.01928	5 -1 -1 -1
12.761656	33.40794	0 -1 -1 -1
12.766472	32.74284	3 -1 -1 -1
12.7720411	26.4476306	-1 -1 2 -1
12.7729111	7.8910833	-1 0 0 -1
12.776247	0.12886	3 -1 -1 -1
12.7798667	54.8875	-1 0 0 -1
12.780988	23.06163	5 -1 -1 -1
12.7904333	9.5173778	-1 -1 2 -1
12.818069	23.91992	5 -1 -1 -1
12.820335	50.01214	0 -1 -1 -1
12.821858	50.08041	1 -1 2 -1
12.823813	9.53583	3 -1 -1 0
12.8286367	30.6474361	-1 -1 2 -1
12.829868	1.72511	5 -1 -1 -1
12.830848	33.38903	5 1 1 -1
12.8342847	-1.5394917	-1 -1 2 -1
12.8460169	34.6764722	-1 -1 2 -1
12.8598417	50.5670556	-1 1 -1 -1
12.8623528	8.9410556	-1 1 1 -1
12.86585	30.15728	3 -1 -1 -1
12.8713361	47.2608333	-1 1 1 -1
12.872948	3.265	7 -1 -1 -1
12.875193	-1.33808	5 -1 -1 -1
12.8843194	2.6395278	-1 1 1 -1
12.8924167	15.7075833	-1 1 1 -1
12.902779	18.09464	5 -1 -1 -1
12.9032444	27.62575	-1 1 1 -1
12.903371	36.51673	7 -1 -1 -1
12.9097028	-2.5701111	-1 0 0 -1
12.910491	53.08999	0 -1 -1 -1
12.91466	47.80466	7 -1 -1 -1
12.926962	34.94598	0 -1 -1 -1
12.939474	1.42643	0 -1 -1 -1
12.946962	9.50179	7 -1 -1 -1
12.9492722	47.3388333	-1 1 1 -1
12.9499253	6.3219194	-1 -1 2 -1
12.956078	12.47239	5 -1 -1 -1
12.95672	6.52082	5 -1 -1 -1
12.9629961	48.9160056	-1 -1 2 -1
12.969283	42.18588	5 -1 -1 -1
12.9720272	44.5310444	-1 -1 2 -1
12.9730019	11.1787861	-1 -1 2 -1
12.973169	1.8397	5 -1 -1 -1
12.9981444	57.8638056	-1 0 -1 -1
13.0091306	40.1525556	-1 1 1 -1
13.013638	22.26319	0 -1 -1 -1
13.018761	-3.44796	5 -1 -1 -1
13.03146	25.73747	5 -1 -1 -1
13.0343278	-0.83675	-1 0 0 -1
13.04177	5.66144	5 -1 -1 -1
13.043675	16.4671	5 -1 -1 -1
13.04418	62.49424	0 -1 -1 -1
13.0468611	47.9196111	-1 0 0 -1
13.06231	37.93742	5 -1 -1 -1
13.062321	20.35927	5 -1 -1 -1
13.064819	27.79088	5 -1 -1 -1
13.067898	20.87658	7 -1 -1 -1
13.0692736	18.9328611	-1 -1 2 -1
13.072856	20.26566	0 -1 -1 -1
13.0746861	53.8340278	-1 1 1 -1
13.090902	26.75199	0 -1 -1 -1
13.0933472	8.9210833	-1 1 -1 -1
13.097736	36.38132	5 -1 -1 -1
13.105346	11.22771	0 0 0 -1
13.112693	46.55854	5 -1 -1 -1
13.125638	44.05706	5 -1 -1 -1
13.127929	6.21172	5 -1 -1 -1
13.128806	56.85091	0 -1 2 -1
13.130949	60.50902	5 -1 -1 -1
13.1316694	6.7044167	-1 1 1 -1
13.1381911	17.8615917	-1 -1 2 -1
13.139465	23.52111	0 -1 -1 -1
13.1425678	53.1866917	-1 -1 2 -1
13.151241	10.49314	1 -1 2 -1
13.151358	36.61588	3 -1 -1 -1
13.156998	16.46285	5 -1 -1 -1
13.163762	19.64671	3 -1 -1 -1
13.1637944	-0.2101667	-1 -1 1 -1
13.176863	24.31251	0 -1 2 -1
13.1815111	-2.4781944	-1 0 0 -1
13.183937	44.99904	0 -1 -1 -1
13.1857111	27.4656944	-1 1 -1 -1
13.191224	22.05675	9 -1 -1 -1
13.199146	0.23093	5 -1 -1 -1
13.208326	19.84138	5 -1 -1 -1
13.20871	21.26207	7 -1 -1 -1
13.2271156	17.7569972	-1 -1 2 -1
13.232673	32.11264	0 -1 -1 -1
13.237275	2.0678611	-1 -1 -1 1
13.240188	62.32938	1 -1 -1 -1
13.242905	-1.72762	5 -1 -1 -1
13.244399	33.50156	5 -1 -1 -1
13.249844	6.27201	5 -1 -1 -1
13.252736	8.68148	5 1 -1 -1
13.25556	5.50239	3 -1 -1 -1
13.2586306	52.9103611	-1 0 0 -1
13.270431	9.54353	0 0 -1 -1
13.2716144	7.0419194	-1 0 2 -1
13.276922	40.589	7 -1 -1 -1
13.284983	43.95366	5 -1 -1 -1
13.294311	19.17244	0 -1 2 -1
13.3035928	51.4440667	-1 -1 2 -1
13.305528	17.18456	5 -1 -1 -1
13.316267	16.31616	0 -1 -1 -1
13.317822	29.64301	3 0 0 -1
13.321274	-0.91701	1 -1 -1 -1
13.329253	60.51197	5 -1 -1 -1
13.3295556	51.8018611	-1 1 1 -1
13.330605	25.53025	3 -1 -1 -1
13.333389	25.54553	0 -1 -1 -1
13.3382056	4.5103889	-1 0 0 -1
13.338987	48.90252	3 -1 -1 -1
13.3392917	17.7201111	-1 1 1 -1
13.344875	5.29003	3 -1 -1 -1
13.350839	58.54889	3 -1 -1 -1
13.354949	42.58757	5 1 1 -1
13.3567278	5.0620278	-1 -1 -1 0
13.371743	60.73931	0 -1 -1 -1
13.3822697	58.1700833	-1 -1 2 -1
13.384025	17.4758056	-1 0 0 -1
13.385415	59.06361	3 -1 -1 -1
13.388559	3.13532	3 -1 -1 -1
13.390554	8.412	3 -1 -1 -1
13.406612	30.17471	5 -1 -1 -1
13.417346	22.80066	5 -1 -1 -1
13.421949	8.13237	3 -1 -1 -1
13.422014	5.35644	7 -1 -1 -1
13.434	36.79981	7 -1 -1 -1
13.436368	9.55052	7 -1 -1 -1
13.437134	19.40661	7 -1 -1 -1
13.440215	7.77428	3 -1 -1 -1
13.445732	3.19863	0 -1 -1 -1
13.44703	16.83001	3 -1 -1 -1
13.4515917	-2.8258333	-1 -1 -1 0
13.4600361	27.138	-1 0 0 -1
13.460618	-2.05275	5 -1 -1 -1
13.462323	52.62281	3 -1 -1 -1
13.464698	20.15372	5 -1 -1 -1
13.471081	48.30185	5 -1 -1 -1
13.477007	63.48817	5 -1 -1 -1
13.478769	18.68034	7 -1 -1 -1
13.480127	27.8744	6 -1 -1 -1
13.501854	27.0646	0 -1 -1 -1
13.502868	-2.10501	7 -1 -1 -1
13.5105583	39.1376111	-1 0 0 -1
13.510664	38.26938	0 -1 -1 -1
13.510926	62.91869	5 -1 -1 -1
13.513316	22.0015	5 -1 -1 -1
13.51829	16.51105	0 -1 -1 -1
13.5234033	-5.7387028	-1 -1 2 -1
13.531075	-2.8721	5 -1 -1 -1
13.538453	60.2175	5 -1 -1 -1
13.540214	18.35016	9 -1 -1 -1
13.547408	57.66157	5 -1 -1 -1
13.548021	57.6219	0 -1 -1 -1
13.5489917	2.0129167	-1 1 1 -1
13.5589	30.12907	5 -1 -1 -1
13.5604761	-6.9664139	-1 -1 2 -1
13.561355	4.25151	0 -1 -1 -1
13.563779	18.41068	5 -1 -1 -1
13.573676	38.29985	7 -1 -1 -1
13.583526	58.71822	5 -1 -1 -1
13.589834	17.83714	5 -1 -1 -1
13.592906	48.12759	5 -1 -1 -1
13.601527	0.79072	1 -1 -1 -1
13.6064417	23.483	-1 -1 -1 0
13.606626	34.37242	5 -1 -1 -1
13.6080722	13.981	-1 -1 -1 0
13.6087711	40.5948583	-1 -1 2 -1
13.608942	21.33247	0 -1 -1 -1
13.624782	48.30572	5 -1 -1 -1
13.625173	46.3552	5 -1 -1 -1
13.631054	18.6412	0 -1 -1 -1
13.635575	-6.4531111	-1 -1 1 -1
13.6402758	29.5159	-1 -1 2 -1
13.6471306	38.8530833	-1 0 -1 -1
13.651152	16.3478	3 -1 2 -1
13.66129	4.54277	7 -1 -1 -1
13.667204	19.56306	3 -1 -1 -1
13.678068	28.86876	5 -1 -1 -1
13.6882658	54.1030694	-1 -1 2 -1
13.688849	23.83662	5 -1 -1 -1
13.693014	53.74548	5 -1 2 -1
13.6974728	26.3755417	-1 -1 2 -1
13.701941	47.43139	7 -1 -1 -1
13.702723	10.70723	3 -1 -1 -1
13.7036472	60.36175	-1 1 -1 -1
13.7121028	5.0754167	-1 0 0 -1
13.713354	38.20624	5 -1 -1 -1
13.714355	31.18129	5 -1 -1 -1
13.7165075	-3.5701028	-1 -1 2 -1
13.716769	46.45554	0 -1 -1 -1
13.7270228	29.4761556	-1 -1 2 -1
13.727181	49.77399	8 -1 -1 -1
13.72955	0.97917	7 -1 -1 -1
13.7345547	24.4290639	-1 -1 2 -1
13.739855	-2.37757	5 -1 -1 -1
13.7404169	11.5780611	-1 -1 2 -1
13.744871	40.46729	0 -1 -1 -1
13.750841	9.79	5 -1 -1 -1
13.7573278	49.77575	-1 1 -1 -1
13.7581944	5.8313611	-1 0 0 -1
13.759102	5.76957	7 -1 -1 -1
13.761572	31.4018	0 -1 -1 -1
13.765097	4.00274	5 -1 -1 -1
13.765387	36.83717	0 -1 -1 -1
13.77121	36.15	9 -1 -1 -1
13.780898	41.86519	0 -1 -1 -1
13.792544	41.05571	4 -1 -1 -1
13.7958861	50.5343056	-1 0 -1 -1
13.804693	26.05082	7 -1 -1 -1
13.812787	18.4221	0 -1 -1 -1
13.818356	18.97464	5 -1 -1 -1
13.821869	-1.82265	0 -1 -1 -1
13.837107	28.27916	5 -1 -1 -1
13.853005	7.47946	5 -1 -1 -1
13.856822	8.87123	3 -1 -1 -1
13.8707111	12.5671389	-1 0 0 -1
13.8716139	31.4463056	-1 0 0 -1
13.872975	61.8937	0 -1 -1 -1
13.874555	9.59334	3 -1 -1 -1
13.880752	36.27729	3 -1 -1 -1
13.883902	33.09126	0 0 -1 -1
13.887606	55.11342	0 -1 -1 -1
13.891661	11.64166	0 -1 -1 -1
13.8947428	9.70825	-1 -1 2 -1
13.896487	51.95954	5 -1 -1 -1
13.909157	28.24339	0 -1 -1 -1
13.913897	33.40975	0 -1 -1 -1
13.9198167	24.4043333	-1 0 -1 -1
13.923945	35.42892	0 -1 -1 -1
13.931565	26.37165	0 0 0 -1
13.934607	12.13298	0 -1 -1 -1
13.939104	31.44092	0 -1 -1 -1
13.946082	-1.19628	5 -1 -1 -1
13.94725	7.15899	3 -1 -1 -1
13.9486889	27.1889444	-1 0 -1 -1
13.948704	30.94203	0 -1 -1 -1
13.949982	45.91793	3 -1 -1 -1
13.9504194	1.0776944	-1 1 1 -1
13.9512139	19.3189167	-1 1 1 -1
13.972847	18.3	0 -1 -1 -1
13.97798	23.76151	5 -1 -1 -1
13.982025	14.97748	5 -1 -1 -1
13.9826492	53.4783611	-1 -1 2 -1
13.996829	19.31414	5 -1 -1 -1
14.008114	22.92397	3 -1 -1 -1
14.030766	20.16919	0 -1 -1 -1
14.037563	23.30103	0 -1 -1 -1
14.045546	51.06276	3 -1 -1 -1
14.0536889	6.1689444	-1 0 0 -1
14.067486	15.72468	5 -1 -1 -1
14.069993	32.10265	5 -1 -1 -1
14.095316	13.96988	5 -1 -1 -1
14.101119	40.69411	4 -1 -1 -1
14.104973	27.93695	0 -1 2 -1
14.108796	9.60578	0 -1 -1 -1
14.11225	34.1906111	-1 1 1 -1
14.119395	26.31343	0 -1 -1 -1
14.122691	55.08464	7 -1 -1 -1
14.1423028	0.5260833	-1 1 1 -1
14.143232	19.72366	7 -1 -1 -1
14.1438083	2.8081667	-1 1 -1 -1
14.15465	6.0276111	-1 0 0 -1
14.1580417	-1.9556389	-1 -1 1 -1
14.1587306	-1.0147778	-1 1 -1 -1
14.16445	-3.0528611	-1 1 1 -1
14.1656306	-2.7680833	-1 -1 1 -1
14.1662444	-1.1539167	-1 -1 1 -1
14.1726025	5.2675167	-1 -1 2 -1
14.175167	63.31692	5 -1 -1 -1
14.1856361	1.4114167	-1 1 1 -1
14.1861889	-0.59975	-1 1 1 -1
14.1890639	52.2025	-1 1 -1 -1
14.1898694	0.7111389	-1 1 1 -1
14.1931444	-3.3387778	-1 1 1 -1
14.19395	49.8844444	-1 0 0 -1
14.2014639	-3.32475	-1 1 -1 -1
14.202427	61.28589	7 -1 -1 -1
14.207031	41.87192	5 -1 -1 -1
14.208824	14.01141	7 -1 -1 -1
14.212179	49.86848	0 0 0 -1
14.2128389	2.4906111	-1 1 1 -1
14.214256	28.52347	3 -1 -1 -1
14.2144389	-0.7521389	-1 1 1 -1
14.216048	14.73423	0 -1 -1 -1
14.220026	22.46985	0 -1 -1 -1
14.2208167	-0.3823889	-1 1 1 -1
14.2240083	-1.7796389	-1 -1 1 -1
14.224275	2.6246667	-1 1 1 -1
14.224834	48.74031	1 -1 2 -1
14.2274639	-2.5541944	-1 -1 1 -1
14.2300944	-5.9983889	-1 1 1 -1
14.2311556	1.7113889	-1 1 1 -1
14.233394	9.25071	5 -1 -1 -1
14.2359361	1.8196667	-1 1 1 -1
14.236489	20.01795	5 -1 -1 -1
14.238556	40.87375	7 -1 -1 -1
14.2397333	-0.0272222	-1 1 1 -1
14.2408611	28.4751389	-1 0 0 -1
14.242399	1.73157	0 -1 -1 -1
14.2432778	2.9384167	-1 1 1 -1
14.248532	22.63325	5 -1 -1 -1
14.24886	17.77205	1 -1 2 -1
14.249053	0.20639	1 0 -1 -1
14.2527806	0.6059167	-1 1 1 -1
14.253101	27.10711	0 -1 -1 -1
14.253886	-1.61772	0 -1 -1 -1
14.257974	1.0965	7 -1 -1 -1
14.2584639	2.3836944	-1 -1 1 -1
14.265739	23.12486	5 -1 -1 -1
14.2678083	0.4876111	-1 1 -1 -1
14.2692833	-1.4204444	-1 -1 1 -1
14.2704833	2.3229167	-1 0 -1 -1
14.276912	20.89282	5 -1 -1 -1
14.2813722	10.8074167	-1 0 0 -1
14.2839506	20.3184333	-1 -1 2 -1
14.288596	6.13675	3 -1 -1 -1
14.29202	8.2084	0 -1 -1 -1
14.2942333	0.6677778	-1 1 1 -1
14.30073	33.21323	5 -1 -1 -1
14.302554	19.32355	0 -1 -1 -1
14.303741	9.87736	3 -1 -1 -1
14.3068583	1.12425	-1 1 1 -1
14.3078167	1.4650833	-1 1 1 -1
14.3106778	-2.5183056	-1 1 -1 -1
14.3114583	0.3997778	-1 1 1 -1
14.31275	40.53528	5 -1 -1 -1
14.3191583	-3.2425	-1 1 -1 -1
14.3203694	-0.2313611	-1 1 1 -1
14.3256528	0.5216944	-1 1 -1 -1
14.329971	8.23984	5 -1 -1 -1
14.3426083	-0.543	-1 1 -1 -1
14.344685	6.84987	0 -1 -1 -1
14.344958	25.00972	1 -1 -1 -1
14.34499	25.14561	3 -1 -1 -1
14.3515917	41.7471389	-1 1 -1 -1
14.353075	2.8091111	-1 1 -1 -1
14.3537667	-2.7794444	-1 1 -1 -1
14.355083	43.18621	0 -1 -1 -1
14.3614533	-7.7269972	-1 -1 2 -1
14.366258	44.99731	7 -1 -1 -1
14.3685528	36.243	-1 0 0 -1
14.3765639	-1.8701111	-1 1 1 -1
14.3835583	19.5896667	-1 1 -1 -1
14.384269	35.37938	7 -1 -1 -1
14.3867694	2.3431667	-1 1 1 -1
14.39075	-0.8323611	-1 1 1 -1
14.392859	16.4778	7 -1 -1 -1
14.40093	0.4994	9 -1 -1 -1
14.4055028	0.4261667	-1 1 1 -1
14.4109694	-1.7426111	-1 1 -1 -1
14.411259	26.62514	3 -1 -1 -1
14.4112917	-3.3916111	-1 1 1 -1
14.4158139	20.0063056	-1 1 1 -1
14.4192194	-1.2671944	-1 1 -1 -1
14.4225611	63.1559167	-1 0 -1 -1
14.4306111	-0.3876944	-1 1 -1 -1
14.4307417	24.0685278	-1 1 1 -1
14.4330556	1.64	-1 1 1 -1
14.437874	0.83757	1 0 -1 -1
14.439727	21.97765	3 -1 -1 -1
14.4399333	55.3013611	-1 0 0 -1
14.4417833	1.7100278	-1 1 1 -1
14.444712	24.14624	0 -1 -1 -1
14.445571	49.54376	5 -1 -1 -1
14.4470083	62.1683056	-1 0 0 -1
14.4471778	0.9333056	-1 -1 1 -1
14.448292	24.45386	5 -1 -1 -1
14.4610278	0.3623889	-1 1 1 -1
14.4630333	0.4798333	-1 1 1 -1
14.4753389	-1.4024167	-1 1 1 -1
14.4757222	42.6725	-1 0 -1 -1
14.478715	55.34578	3 -1 -1 -1
14.4909122	54.7286917	-1 -1 2 -1
14.5002639	0.7739722	-1 1 -1 -1
14.5009278	7.2503611	-1 0 -1 -1
14.502926	30.7412	7 -1 -1 -1
14.5064556	-1.9215833	-1 1 1 -1
14.50676	14.59089	0 -1 -1 -1
14.5084806	1.0180278	-1 1 1 -1
14.51763	33.76156	7 -1 -1 -1
14.5195778	-1.5604444	-1 1 1 -1
14.526944	52.45693	0 -1 -1 -1
14.5272917	-0.9262778	-1 1 1 -1
14.5296833	-0.8369444	-1 -1 1 -1
14.529876	60.85263	0 0 0 -1
14.530318	19.38338	0 -1 -1 -1
14.5350833	2.6192778	-1 1 1 -1
14.535461	26.01026	0 -1 -1 -1
14.5439139	-3.0550833	-1 1 1 -1
14.5456417	-0.9871667	-1 1 1 -1
14.546952	27.09849	7 -1 -1 -1
14.5469694	0.7845278	-1 1 1 -1
14.5493917	4.6208611	-1 0 0 -1
14.5497917	0.9153333	-1 -1 1 -1
14.5504028	-0.4807778	-1 1 1 -1
14.551208	3.51046	3 -1 -1 -1
14.5629417	2.2988611	-1 1 1 -1
14.5629694	-2.3895833	-1 0 0 -1
14.5635017	42.8807528	-1 -1 2 -1
14.5644694	0.6250833	-1 1 1 -1
14.564863	18.75582	0 -1 -1 -1
14.5681167	-0.3845278	-1 1 1 -1
14.569174	1.61694	0 0 -1 -1
14.5694833	-1.3902222	-1 1 1 -1
14.580289	-2.24986	5 1 -1 -1
14.5813444	2.6008333	-1 1 1 -1
14.582382	41.15427	5 -1 -1 -1
14.5848828	-4.1558111	-1 -1 2 -1
14.585375	14.72531	7 -1 -1 -1
14.58925	-2.6810278	-1 0 -1 -1
14.5897778	2.4285556	-1 1 1 -1
14.590621	27.89322	0 -1 -1 -1
14.591239	55.13113	8 -1 -1 -1
14.5949028	-1.7905278	-1 1 1 -1
14.60975	20.63193	5 -1 -1 -1
14.6107111	1.183	-1 0 0 -1
14.612177	8.12455	3 -1 -1 -1
14.620836	24.75895	0 -1 -1 -1
14.621339	24.86923	0 -1 -1 -1
14.621905	40.71635	5 -1 -1 -1
14.6229972	-3.0520278	-1 -1 1 -1
14.6255167	1.7236667	-1 1 -1 -1
14.6268722	1.7508889	-1 1 -1 -1
14.6270778	2.9361111	-1 1 1 -1
14.628102	45.39283	5 -1 -1 -1
14.6285556	-0.2511667	-1 0 -1 -1
14.6324111	-0.6878056	-1 1 1 -1
14.635441	9.43657	0 -1 -1 -1
14.6381028	1.8421389	-1 1 -1 -1
14.638706	20.31553	0 -1 -1 -1
14.6391556	-2.6646944	-1 1 1 -1
14.640585	-1.00029	3 0 0 -1
14.642675	-0.0906667	-1 1 1 -1
14.6426778	0.2249444	-1 0 0 -1
14.646775	0.6824	0 0 -1 -1
14.646975	-0.8545833	-1 1 -1 -1
14.647057	34.26502	5 -1 -1 -1
14.655278	0.63861	3 -1 -1 -1
14.6579944	11.1038333	-1 0 0 -1
14.6609722	0.7264444	-1 1 1 -1
14.6620444	-0.3165278	-1 1 1 -1
14.665196	21.84869	5 -1 -1 -1
14.6662278	28.4062778	-1 -1 -1 0
14.67244	11.41864	0 -1 2 -1
14.678228	5.10678	3 -1 -1 -1
14.679146	35.23405	5 -1 -1 -1
14.684693	18.85433	0 -1 -1 -1
14.691532	16.52946	7 -1 -1 -1
14.7009528	25.0845278	-1 1 1 -1
14.705332	50.73278	0 -1 -1 -1
14.7063861	14.9161667	-1 1 -1 -1
14.7075306	14.52775	-1 1 1 -1
14.708294	29.7636	1 -1 -1 -1
14.711592	9.32935	7 -1 -1 -1
14.7134361	11.7375	-1 1 -1 -1
14.7166972	14.6783611	-1 -1 -1 1
14.7170694	52.0272778	-1 1 -1 -1
14.71715	16.1166389	-1 1 -1 -1
14.73032	57.89025	3 -1 -1 -1
14.73535	41.79732	5 -1 -1 -1
14.736072	8.23262	7 -1 -1 -1
14.7364	26.0307778	-1 1 -1 -1
14.738316	20.6409	7 -1 -1 -1
14.7402972	13.9989444	-1 1 1 -1
14.7430111	19.3591667	-1 0 -1 -1
14.7474861	11.5320278	-1 1 1 -1
14.7513472	16.8238889	-1 1 1 -1
14.7589778	26.3971389	-1 1 1 -1
14.7659278	17.6417222	-1 1 1 -1
14.7662	12.3745833	-1 1 1 -1
14.7721861	25.2843056	-1 1 1 -1
14.773939	6.56642	0 -1 -1 -1
14.778381	3.93529	0 -1 -1 -1
14.7807861	21.5308056	-1 -1 1 -1
14.783459	46.04544	0 -1 -1 -1
14.790012	-0.40305	3 -1 -1 -1
14.7957083	16.6016667	-1 1 1 -1
14.800723	14.78097	1 0 -1 -1
14.8023944	16.5776389	-1 1 -1 -1
14.806363	4.19785	5 -1 -1 -1
14.806847	28.11917	9 -1 -1 -1
14.808984	44.38231	5 -1 -1 -1
14.81146	17.41024	5 -1 -1 -1
14.81185	17.5592222	-1 1 1 -1
14.8139028	20.4263333	-1 -1 1 -1
14.816907	40.01232	0 -1 -1 -1
14.8219472	21.0966667	-1 1 1 -1
14.8226472	50.32925	-1 -1 -1 1
14.822673	25.55664	3 -1 -1 -1
14.8227056	63.2705278	-1 0 0 -1
14.824073	6.84352	0 -1 -1 -1
14.8243306	22.1910833	-1 1 1 -1
14.824622	-1.27153	3 -1 -1 -1
14.826165	11.29771	0 -1 -1 -1
14.830251	33.85745	7 -1 -1 -1
14.833386	54.08448	7 -1 -1 -1
14.83375	14.79665	0 -1 2 -1
14.838663	-1.11319	5 -1 -1 -1
14.8395947	27.4691722	-1 -1 2 -1
14.8419444	16.2632222	-1 1 -1 -1
14.844387	44.30816	0 -1 -1 -1
14.8500569	31.3529583	-1 -1 2 -1
14.852469	4.95039	7 -1 -1 -1
14.8607278	14.2338611	-1 1 1 -1
14.8709611	50.3736389	-1 0 -1 -1
14.873221	61.28541	8 -1 -1 -1
14.889406	46.91169	5 -1 -1 -1
14.890437	41.11983	5 -1 -1 -1
14.8939167	29.0215833	-1 1 -1 -1
14.89801	50.0684	5 -1 -1 -1
14.902325	11.6262222	-1 1 1 -1
14.9056389	16.3488333	-1 1 1 -1
14.9063194	25.6654167	-1 -1 1 -1
14.9081	20.25725	-1 1 -1 -1
14.909785	5.61323	0 -1 -1 -1
14.9118278	27.5364722	-1 1 1 -1
14.9170639	-4.3395833	-1 1 1 -1
14.9187	14.2061667	-1 1 1 -1
14.9320194	11.8615	-1 0 0 -1
14.932857	32.62572	5 -1 -1 -1
14.934692	47.45345	5 -1 -1 -1
14.934909	16.44858	5 1 1 -1
14.93671	20.01137	5 -1 -1 -1
14.9394278	26.599	-1 1 1 -1
14.944425	18.1381944	-1 1 -1 -1
14.9477861	24.2553611	-1 1 -1 -1
14.948175	27.6942222	-1 1 1 -1
14.9502	13.7851389	-1 1 1 -1
14.9514028	26.9696111	-1 1 -1 -1
14.954093	23.49511	0 -1 -1 -1
14.956155	19.63365	3 -1 -1 -1
14.956294	2.54901	8 -1 -1 -1
14.9564889	24.9881389	-1 1 1 -1
14.9635306	25.10975	-1 1 1 -1
14.964658	11.30264	5 1 -1 -1
14.96495	28.53854	5 -1 -1 -1
14.9659444	11.7394722	-1 1 1 -1
14.973558	48.71022	0 -1 -1 -1
14.9762889	14.1642222	-1 1 1 -1
14.9873806	23.9426667	-1 1 -1 -1
14.991543	24.30255	5 -1 -1 -1
14.994459	41.29955	5 -1 -1 -1
14.995083	11.70303	5 -1 -1 -1
15.001102	13.46266	0 -1 -1 -1
15.0059333	14.5832778	-1 1 1 -1
15.006328	22.00761	5 -1 -1 -1
15.0066806	20.2105	-1 0 0 -1
15.008745	36.48051	7 -1 -1 -1
15.009339	42.33832	0 -1 -1 -1
15.010637	18.2501	3 -1 -1 -1
15.01147	36.36324	0 -1 -1 -1
15.0148139	17.6521111	-1 1 -1 -1
15.0181306	8.9521333	-1 -1 2 -1
15.0198611	9.5966389	-1 0 -1 -1
15.020617	9.99025	0 -1 2 -1
15.0209639	51.8061611	-1 -1 2 -1
15.024516	21.57329	9 -1 -1 -1
15.0268667	27.74	-1 1 1 -1
15.029603	24.65447	7 -1 -1 -1
15.0300389	16.5626667	-1 0 0 -1
15.0330028	19.2348056	-1 1 -1 -1
15.0334306	24.6549444	-1 1 -1 -1
15.0334889	13.1984167	-1 1 1 -1
15.033983	22.8938	5 -1 -1 -1
15.041403	52.73391	0 -1 2 -1
15.041734	23.13359	0 -1 -1 -1
15.0476056	25.7374722	-1 1 1 -1
15.0522417	12.6172778	-1 1 -1 -1
15.0562222	19.5511389	-1 1 1 -1
15.0642556	12.4687222	-1 1 1 -1
15.065753	8.32707	0 -1 -1 -1
15.0662417	12.5071111	-1 1 -1 -1
15.0688917	56.9292778	-1 0 0 -1
15.0689111	57.8229167	-1 -1 -1 1
15.0720833	28.5928611	-1 0 -1 -1
15.074277	33.26301	7 -1 -1 -1
15.0806972	4.6818889	-1 0 0 -1
15.0821	56.8223056	-1 -1 -1 1
15.082364	14.57986	5 -1 -1 -1
15.082534	26.01624	7 0 -1 -1
15.089625	60.6704	7 -1 -1 -1
15.093904	47.10485	3 -1 -1 -1
15.099218	37.03531	7 -1 -1 -1
15.1053694	20.4615278	-1 1 -1 -1
15.1122439	34.4685111	-1 -1 2 -1
15.1192306	16.1213056	-1 1 -1 -1
15.1276111	11.0669444	-1 1 1 -1
15.1283028	12.1345278	-1 1 -1 -1
15.1297389	24.5751111	-1 1 -1 -1
15.140734	1.7794	5 -1 -1 -1
15.141186	-2.24043	5 -1 -1 -1
15.143686	31.43862	7 -1 -1 -1
15.1500611	24.3306944	-1 1 1 -1
15.151147	21.40422	7 -1 -1 -1
15.154068	35.594	5 -1 -1 -1
15.1545417	16.9825556	-1 1 1 -1
15.154739	4.51674	5 -1 -1 -1
15.155734	-1.91035	5 -1 -1 -1
15.157712	44.75211	5 -1 -1 -1
15.1618889	29.6507778	-1 1 1 -1
15.163924	52.29443	0 -1 -1 -1
15.165938	33.45417	1 0 -1 -1
15.166501	3.00307	0 -1 -1 -1
15.166597	33.46281	2 0 -1 -1
15.1673583	23.3675278	-1 1 -1 -1
15.177098	36.82495	0 -1 -1 -1
15.1776361	20.3186111	-1 1 -1 -1
15.1786528	12.6811944	-1 1 1 -1
15.1803111	14.6239444	-1 1 -1 -1
15.1805583	10.7039167	-1 1 -1 -1
15.1821808	5.7442472	-1 -1 2 -1
15.183341	7.86395	5 1 1 -1
15.185774	18.03145	0 0 0 -1
15.18668	52.78129	3 -1 -1 -1
15.18677	10.02232	7 -1 -1 -1
15.190532	36.56001	3 -1 -1 -1
15.1915083	10.0288333	-1 1 -1 -1
15.19209	32.4713028	-1 -1 2 -1
15.1921111	28.3781667	-1 1 -1 -1
15.1935917	33.9169722	-1 -1 -1 1
15.1960278	21.1341944	-1 1 -1 -1
15.201548	30.83986	7 -1 -1 -1
15.2020778	22.7873889	-1 1 -1 -1
15.2033528	15.67375	-1 1 -1 -1
15.203396	17.55257	3 -1 -1 -1
15.204307	15.24848	0 -1 -1 -1
15.2070417	1.3524167	-1 1 -1 -1
15.213102	-1.73983	5 -1 -1 -1
15.215802	30.30453	3 -1 -1 -1
15.2248806	10.1844167	-1 0 0 -1
15.22775	26.1260278	-1 0 0 -1
15.2293722	24.1841111	-1 1 -1 -1
15.232427	12.65235	7 -1 -1 -1
15.234493	30.14647	5 -1 -1 -1
15.237413	23.45233	5 -1 1 -1
15.239794	1.19188	0 -1 -1 -1
15.245531	22.62365	0 -1 -1 -1
15.247044	10.28423	0 0 -1 -1
15.248356	42.01315	7 -1 -1 -1
15.2509528	22.5292778	-1 0 0 -1
15.254328	54.20889	7 -1 -1 -1
15.2565944	10.3103611	-1 1 1 -1
15.265244	34.72954	3 -1 -1 -1
15.2674944	14.3063611	-1 1 1 -1
15.27341	-0.83003	5 -1 -1 -1
15.27445	18.11015	0 -1 -1 -1
15.277636	2.78685	0 -1 -1 -1
15.277839	0.25051	5 -1 -1 -1
15.283124	5.29764	3 -1 -1 -1
15.2846	21.3785833	-1 0 0 -1
15.2898833	29.9251111	-1 1 -1 -1
15.2901944	17.4911944	-1 1 1 -1
15.29101	6.32574	5 -1 -1 -1
15.295824	31.0044	0 0 0 -1
15.2970889	14.4664722	-1 1 1 -1
15.2976028	10.0074722	-1 1 1 -1
15.2981444	26.8109722	-1 1 -1 -1
15.3039056	15.8257222	-1 1 1 -1
15.312701	6.23225	2 0 0 -1
15.3199042	36.3890333	-1 -1 2 -1
15.3416222	15.437	-1 -1 1 -1
15.3458444	48.6563611	-1 0 -1 -1
15.346968	46.02542	5 -1 -1 -1
15.347846	48.66073	3 -1 -1 -1
15.3537583	22.7128333	-1 1 -1 -1
15.356262	4.34172	0 0 0 -1
15.357105	31.9585111	-1 -1 2 -1
15.3574972	48.662	-1 0 -1 -1
15.357742	1.95595	5 -1 -1 -1
15.35799	15.1969	0 -1 -1 -1
15.3700417	10.6919444	-1 1 1 -1
15.3714139	10.2168056	-1 1 1 -1
15.3733778	21.9691111	-1 1 1 -1
15.375188	1.53174	7 -1 -1 -1
15.376122	31.15296	0 -1 -1 -1
15.3764417	15.9521111	-1 0 0 -1
15.379337	19.70567	5 -1 -1 -1
15.3903528	27.0826944	-1 1 1 -1
15.3908083	28.6256944	-1 0 -1 -1
15.391041	11.50673	9 -1 -1 -1
15.3912222	28.6011389	-1 0 -1 -1
15.396703	5.57882	5 -1 -1 -1
15.3971722	36.1821944	-1 -1 2 -1
15.4015667	54.4717778	-1 1 -1 -1
15.4035306	19.3999167	-1 1 -1 -1
15.405418	16.45347	0 -1 -1 -1
15.4116683	62.0474806	-1 -1 2 -1
15.41376	48.60823	7 -1 -1 -1
15.4151167	27.9521389	-1 1 1 -1
15.415252	22.44346	0 -1 -1 -1
15.4168972	33.3999444	-1 0 -1 -1
15.418258	29.67012	7 -1 -1 -1
15.4191111	12.8883611	-1 1 1 -1
15.4228694	31.6769722	-1 0 0 -1
15.438456	16.99882	5 -1 -1 -1
15.4421694	14.7497778	-1 1 -1 -1
15.4427417	12.8854444	-1 1 -1 -1
15.445014	0.89136	0 -1 -1 -1
15.446932	37.34276	9 -1 -1 -1
15.448729	7.48642	0 -1 -1 -1
15.4542528	13.6141389	-1 0 0 -1
15.4543556	20.8897222	-1 1 1 -1
15.4590222	11.9089444	-1 1 -1 -1
15.4603083	18.3809167	-1 -1 -1 1
15.4603778	41.4964167	-1 0 0 -1
15.4623917	28.9185	-1 0 0 -1
15.466805	2.84607	5 -1 -1 -1
15.4684417	13.3923056	-1 1 1 -1
15.485975	17.2241111	-1 1 1 -1
15.486235	45.63821	5 -1 -1 -1
15.496001	30.7099	1 0 -1 -1
15.4961639	15.6623611	-1 1 1 -1
15.502214	23.27112	5 1 1 -1
15.502854	29.00839	7 1 -1 -1
15.5237111	35.5612778	-1 1 1 -1
15.524005	52.59822	5 -1 -1 -1
15.5274333	6.6793056	-1 0 -1 -1
15.5301444	10.92775	-1 1 1 -1
15.5307528	24.0453611	-1 1 -1 -1
15.533595	40.8951	0 -1 -1 -1
15.53512	3.69953	3 -1 -1 -1
15.535941	8.43224	7 -1 -1 -1
15.5375861	43.6456944	-1 0 0 -1
15.538598	49.63229	5 -1 -1 -1
15.54125	24.2583056	-1 1 -1 -1
15.5427861	20.1107778	-1 1 -1 -1
15.5456389	28.0628889	-1 0 -1 -1
15.547415	57.57364	0 -1 -1 -1
15.5494778	15.9349444	-1 1 1 -1
15.5541889	13.5400833	-1 1 -1 -1
15.569407	34.89395	3 -1 -1 -1
15.5716194	10.2856667	-1 0 0 -1
15.5726194	33.5766389	-1 -1 -1 1
15.579421	29.33697	0 -1 -1 -1
15.5836861	55.6138333	-1 1 1 -1
15.5887417	27.8824444	-1 -1 1 -1
15.5897206	34.3841611	-1 -1 2 -1
15.596852	-0.5313	5 -1 -1 -1
15.599073	51.42145	5 -1 -1 -1
15.6046681	14.3447667	-1 -1 2 -1
15.605868	8.68672	0 0 0 -1
15.6081361	-2.0839528	-1 -1 2 -1
15.613179	13.5744	5 -1 -1 -1
15.6188222	26.8079167	-1 0 -1 -1
15.6188917	14.4130833	-1 1 1 -1
15.637108	7.95388	9 -1 -1 -1
15.6490444	21.74925	-1 -1 -1 0
15.6545722	14.2729444	-1 1 1 -1
15.6579608	30.7394806	-1 -1 2 -1
15.6589139	1.6195833	-1 0 0 -1
15.6647933	-2.4031972	-1 -1 2 -1
15.678445	42.36008	3 -1 -1 -1
15.684709	43.45077	3 -1 2 1
15.688552	51.67878	5 -1 -1 -1
15.69124	49.1493	5 -1 -1 -1
15.694817	50.79433	5 -1 -1 -1
15.6960111	60.2600556	-1 -1 1 -1
15.698658	1.4215	0 0 -1 -1
15.7054278	17.9356111	-1 1 1 -1
15.7056917	24.0319722	-1 1 -1 -1
15.7156028	10.9096389	-1 1 1 -1
15.7232861	21.7596667	-1 1 1 -1
15.724606	22.87576	5 1 1 -1
15.7281694	13.5190278	-1 1 1 -1
15.7360836	17.9201694	-1 -1 2 -1
15.737083	28.64542	3 -1 2 -1
15.7381917	14.1705	-1 1 1 -1
15.7383	34.69627	0 -1 -1 -1
15.741813	29.90037	3 -1 -1 -1
15.75478	50.79831	6 -1 -1 -1
15.7635197	-2.8332667	-1 -1 2 -1
15.7650217	3.1553417	-1 -1 2 -1
15.7673778	17.9106667	-1 1 1 -1
15.7754083	21.9614722	-1 1 1 -1
15.776606	8.74018	3 -1 -1 -1
15.7863361	11.7262500	-1 1 1 -1
15.785894	35.64616	0 0 0 -1
15.7869333	18.0696667	-1 1 1 -1
15.7891667	27.8061111	-1 1 1 -1
15.791554	14.94916	0 0 0 -1
15.791854	52.88248	5 -1 -1 -1
15.7956194	20.8780556	-1 1 1 -1
15.8020722	14.8548889	-1 -1 1 -1
15.813708	36.17649	0 -1 -1 -1
15.81653	8.90991	0 -1 -1 -1
15.8180028	26.7373611	-1 1 1 -1
15.822621	9.88549	5 -1 -1 -1
15.8268444	18.5833611	-1 1 -1 -1
15.8302722	21.4275278	-1 1 1 -1
15.8329278	62.6891389	-1 1 1 -1
15.835997	8.14411	5 -1 -1 -1
15.8386303	15.2702333	-1 -1 2 -1
15.843011	12.01135	0 -1 -1 -1
15.84325	7.51846	3 -1 -1 -1
15.8441333	18.6503333	-1 -1 1 -1
15.8532389	26.1039722	-1 1 1 -1
15.855257	27.35829	0 -1 -1 -1
15.861195	10.59685	5 1 1 -1
15.864683	5.53322	3 -1 -1 -1
15.8728778	22.5533056	-1 0 0 -1
15.8741278	20.0838333	-1 1 -1 -1
15.884825	14.0212778	-1 1 1 -1
15.885319	19.90568	5 -1 -1 -1
15.8860917	21.0121389	-1 1 1 -1
15.88665	27.55573	0 0 0 -1
15.88875	17.8286389	-1 1 1 -1
15.8954472	23.8013056	-1 0 -1 -1
15.895645	4.70947	5 -1 -1 -1
15.895981	15.50378	1 -1 2 -1
15.8984361	21.9909722	-1 1 1 -1
15.9001036	-2.3434306	-1 -1 2 -1
15.9005528	15.163	-1 0 0 -1
15.91028	37.73501	7 -1 -1 -1
15.9151583	14.9946667	-1 1 1 -1
15.925679	3.44943	0 -1 -1 -1
15.9308333	24.1041667	-1 1 1 -1
15.9361278	20.0725556	-1 1 -1 -1
15.938829	51.31355	5 -1 -1 -1
15.9434306	42.9526667	-1 1 -1 -1
15.9453528	14.3091111	-1 1 1 -1
15.946349	10.63271	7 -1 -1 -1
15.950049	41.51975	5 -1 -1 -1
15.955944	54.67111	0 0 0 -1
15.961134	28.88027	0 -1 -1 -1
15.961777	35.50827	3 -1 -1 -1
15.963783	16.31019	0 -1 -1 -1
15.96396	53.72615	3 -1 -1 -1
15.981295	26.4386	7 -1 -1 -1
15.9834	22.28389	3 -1 -1 -1
15.9852472	12.1741389	-1 1 1 -1
15.9880028	11.2626944	-1 1 -1 -1
15.995543	21.11371	5 -1 -1 -1
16.007717	8.62862	5 -1 -1 -1
16.0082222	-1.7457222	-1 -1 -1 0
16.009752	13.18721	5 -1 -1 -1
16.010819	20.98105	0 -1 -1 -1
16.015691	30.022	5 -1 -1 -1
16.016715	32.87393	5 -1 -1 -1
16.024933	8.6474	0 -1 -1 -1
16.029046	27.30264	7 -1 -1 -1
16.0458578	9.934025	-1 -1 2 -1
16.0552378	19.4050361	-1 -1 2 -1
16.055274	3.27905	7 -1 -1 -1
16.064299	0.11354	7 -1 -1 -1
16.066891	23.66566	3 -1 -1 -1
16.069695	30.10722	5 -1 -1 -1
16.0825125	23.9318083	-1 -1 2 -1
16.089845	38.50087	5 -1 -1 -1
16.128509	7.48162	5 -1 -1 -1
16.1343644	22.1853333	-1 -1 2 -1
16.134591	43.16347	3 -1 -1 -1
16.136356	32.90519	0 -1 -1 -1
16.1378667	37.6286389	-1 0 0 -1
16.139207	28.47868	0 -1 -1 -1
16.152009	22.63074	5 -1 -1 -1
16.152622	16.43053	7 -1 -1 -1
16.156446	35.37791	0 -1 -1 -1
16.1567167	3.79925	-1 -1 -1 0
16.1688167	32.9764167	-1 1 -1 -1
16.1771583	53.4058333	-1 0 -1 -1
16.182532	3.36744	7 -1 -1 -1
16.1872528	26.9233889	-1 0 -1 -1
16.194122	15.54861	0 -1 -1 -1
16.194513	31.05033	5 -1 -1 -1
16.2118583	29.9013056	-1 0 0 -1
16.213182	5.33301	0 -1 -1 -1
16.216254	26.02638	3 -1 -1 -1
16.223956	12.17892	5 -1 -1 -1
16.231652	8.05986	5 -1 -1 -1
16.232098	20.15645	7 -1 -1 -1
16.236363	8.96043	2 -1 -1 -1
16.2372436	62.2556139	-1 -1 2 -1
16.239977	38.40092	5 -1 -1 -1
16.24707	17.48726	5 -1 -1 -1
16.258712	27.44926	7 -1 -1 -1
16.2600083	19.4526944	-1 -1 2 -1
16.261449	47.18661	0 -1 -1 -1
16.269578	9.11538	0 -1 -1 -1
16.2772375	42.4510028	-1 -1 2 -1
16.281438	9.44325	3 -1 2 -1
16.287076	6.62482	0 -1 -1 -1
16.2877083	21.1248333	-1 1 1 -1
16.2941361	35.0133333	-1 0 0 -1
16.2953556	32.384	-1 1 1 -1
16.300993	12.19239	9 -1 -1 -1
16.308052	29.98322	0 -1 -1 -1
16.310035	27.1282	3 -1 -1 -1
16.323698	20.43057	0 -1 -1 -1
16.33535	47.68471	5 -1 -1 -1
16.3355886	42.4751194	-1 -1 2 -1
16.3392778	17.6081389	-1 1 -1 -1
16.3433561	25.3535583	-1 -1 2 -1
16.374682	26.7828	0 -1 2 -1
16.385913	14.36374	0 -1 -1 -1
16.388557	33.50518	5 -1 -1 -1
16.39572	11.18694	0 -1 -1 -1
16.402059	51.04428	5 -1 -1 -1
16.410104	11.17282	5 -1 -1 -1
16.41095	23.7548611	-1 1 1 -1
16.4156453	46.6886611	-1 -1 2 -1
16.42136	26.87621	5 -1 -1 -1
16.421427	23.99871	3 -1 -1 -1
16.4233583	9.5407333	-1 -1 2 -1
16.4501167	27.9299167	-1 0 0 -1
16.466122	33.76314	3 -1 -1 -1
16.4676583	27.6933611	-1 1 -1 -1
16.4683889	8.7605556	-1 0 0 -1
16.473491	23.01892	5 -1 -1 -1
16.4773167	39.5513056	-1 0 -1 -1
16.4814722	44.3181111	-1 1 1 -1
16.488518	13.64001	0 0 0 -1
16.4937556	23.3370556	-1 1 1 -1
16.504601	14.58639	7 -1 -1 -1
16.5089906	28.904125	-1 -1 2 -1
16.511984	16.65301	0 0 0 -1
16.530839	8.88542	0 -1 -1 -1
16.554239	40.18331	0 -1 -1 -1
16.5673514	6.4418833	-1 -1 2 -1
16.5733053	34.2616639	-1 -1 2 -1
16.585725	42.80005	5 -1 -1 -1
16.58753	43.16777	1 -1 -1 -1
16.601172	27.30808	5 -1 -1 -1
16.6103833	26.8018333	-1 1 1 -1
16.6340675	37.8824556	-1 -1 2 0
16.639589	32.85327	0 -1 -1 -1
16.639846	22.66104	5 -1 -1 -1
16.6577553	53.7796444	-1 -1 2 -1
16.68164	32.79124	1 0 2 -1
16.689702	38.03598	0 -1 -1 -1
16.7183139	37.4928889	-1 -1 1 -1
16.722107	13.35008	3 -1 -1 -1
16.725513	13.33405	5 -1 -1 -1
16.7301917	17.2635556	-1 0 0 -1
16.73888	45.779	7 -1 -1 -1
16.757688	27.33496	3 -1 -1 -1
16.7634583	39.5409444	-1 0 0 -1
16.774561	38.52111	7 -1 -1 -1
16.8125222	25.68875	-1 0 0 -1
16.815934	26.07809	5 -1 -1 -1
16.823339	26.58405	3 -1 -1 -1
16.847979	41.07922	5 -1 -1 -1
16.857601	33.1424	7 -1 -1 -1
16.8847167	40.1173611	-1 0 -1 -1
16.9068608	48.1433611	-1 -1 2 -1
16.9070917	41.6892222	-1 0 0 -1
16.9134556	26.3114722	-1 0 0 -1
16.9167194	39.1466389	-1 0 0 -1
16.936992	30.70609	7 -1 -1 -1
16.9388639	43.8618167	-1 -1 2 -1
16.944289	63.28403	5 -1 -1 -1
16.9588722	43.3320833	-1 -1 -1 0
16.9624361	21.9364167	-1 0 -1 -1
16.963408	27.42257	0 -1 -1 -1
16.965256	23.37167	7 -1 -1 -1
16.975588	33.41166	5 -1 -1 -1
16.979768	62.94017	5 -1 -1 -1
16.983614	32.49423	3 -1 -1 -1
16.9909917	47.0536389	-1 1 1 -1
17.000875	27.0973889	-1 -1 -1 1
17.003119	32.58744	0 0 -1 -1
17.0209972	24.1023333	-1 0 0 -1
17.051246	32.47985	0 -1 -1 -1
17.052018	24.62987	5 -1 -1 -1
17.0786194	60.7471111	-1 1 -1 -1
17.0810717	24.8755194	-1 -1 2 -1
17.0851583	38.6771111	-1 1 1 -1
17.091482	22.26877	0 -1 -1 -1
17.0955528	58.5003333	-1 0 0 -1
17.1006111	20.2993889	-1 0 0 -1
17.1045903	20.1101944	-1 -1 2 -1
17.168504	61.51878	3 -1 -1 -1
17.1781814	42.6641889	-1 -1 2 -1
17.1789194	46.0250833	-1 1 1 -1
17.19388	58.05838	0 0 0 -1
17.206437	64.03252	2 0 0 -1
17.2072158	29.1703	-1 -1 2 -1
17.2122083	62.0458333	-1 0 -1 -1
17.224752	64.04686	5 -1 -1 -1
17.2599111	27.8694722	-1 -1 -1 0
17.2728361	26.1341889	-1 -1 2 -1
17.2903353	37.5870361	-1 -1 2 -1
17.309106	32.81704	5 -1 -1 -1
17.341197	59.22827	7 -1 -1 -1
17.3643289	47.4299778	-1 -1 2 -1
17.3719333	31.0566111	-1 -1 -1 0
17.373238	32.02453	0 -1 -1 -1
17.3887047	35.9667472	-1 -1 2 -1
17.389125	34.29925	-1 1 1 -1
17.4051111	50.965	-1 1 1 -1
17.463804	53.781	5 -1 -1 -1
17.489219	54.25722	1 -1 -1 -1
17.539925	55.4146667	-1 0 -1 -1
17.7144	61.7641667	-1 1 1 -1
21.0196417	2.1076389	-1 -1 -1 0
21.246547	-7.84454	5 -1 -1 -1
21.3347222	-7.89725	-1 0 0 -1
21.339669	-0.35224	5 -1 -1 -1
21.409713	-0.53477	5 -1 -1 -1
21.429543	0.9311	1 -1 2 -1
21.4836306	-5.8308056	-1 -1 -1 0
21.706002	-6.73145	7 -1 -1 -1
21.7109139	-8.0732778	-1 0 -1 -1
21.79875	11.5875	-1 -1 -1 0
21.800356	-8.42431	8 -1 -1 -1
21.839266	-8.77724	5 -1 -1 -1
21.9505889	-7.8420556	-1 -1 2 -1
21.958736	0.63252	5 -1 -1 -1
22.034684	-1.01705	3 -1 -1 -1
22.21957	-0.64569	5 -1 -1 -1
22.282723	-9.11689	5 -1 -1 -1
22.311888	-9.36079	5 -1 2 -1
22.314945	-9.29526	5 -1 -1 -1
22.361165	-8.42389	0 -1 -1 -1
22.393439	-8.10839	5 -1 -1 -1
22.40588	-0.52224	5 -1 -1 -1
22.41547	-7.87776	7 -1 -1 -1
22.433909	-1.2351	7 -1 -1 -1
22.520337	-9.44214	3 -1 -1 -1
22.5286639	-8.4088056	-1 0 0 -1
22.61851	-0.04243	7 -1 -1 -1
22.6507403	-9.5452972	-1 -1 2 -1
22.856264	0.58671	9 -1 -1 -1
22.901204	-0.17624	7 -1 2 -1
22.955861	-1.1382	0 -1 -1 -1
23.044725	-9.42293	3 -1 -1 -1
23.057261	-0.3605	3 -1 -1 -1
23.10894	-9.50571	0 -1 -1 -1
23.1354972	-5.45975	-1 -1 -1 0
23.2150592	-0.2537667	-1 -1 2 -1
23.414722	-10.20316	5 -1 -1 -1
23.45297	-0.6994	7 -1 -1 -1
23.555194	-0.45015	7 -1 -1 -1
23.6253928	0.7254556	-1 -1 2 -1
23.62938	-0.70307	3 -1 2 -1
23.68327	0.08163	7 -1 -1 -1
23.75273	-10.16306	5 -1 -1 -1
23.7840056	-1.05025	-1 0 0 -1
23.865116	0.55267	1 -1 2 -1
23.949876	-0.80012	0 -1 -1 -1
23.999668	0.70176	3 -1 -1 -1